320
-83.7 1.40689e-05
-83.5 4.22066e-05
-83.3 7.03443e-05
-83.1 8.44131e-05
-82.9 0.000112551
-82.7 0.000211033
-82.5 0.000211033
-82.3 0.000225102
-82.1 0.000267308
-81.9 0.000323584
-81.7 0.000436134
-81.5 0.000534616
-81.3 0.00061903
-81.1 0.000815993
-80.9 0.000942613
-80.7 0.00115365
-80.5 0.00133654
-80.3 0.0014913
-80.1 0.00161792
-79.9 0.00195557
-79.7 0.0021244
-79.5 0.00237764
-79.3 0.00268715
-79.1 0.00312329
-78.9 0.00353128
-78.7 0.00416438
-78.5 0.00479748
-78.3 0.00548685
-78.1 0.00633098
-77.9 0.00718918
-77.7 0.00830062
-77.5 0.00956682
-77.3 0.0110018
-77.1 0.0125635
-76.9 0.0143502
-76.7 0.0168263
-76.5 0.0190352
-76.3 0.0217082
-76.1 0.0244798
-75.9 0.0273217
-75.7 0.0302058
-75.5 0.0334979
-75.3 0.0371699
-75.1 0.0403354
-74.9 0.0444576
-74.7 0.0481718
-74.5 0.0525472
-74.3 0.0575697
-74.1 0.0617763
-73.9 0.0665597
-73.7 0.0718496
-73.5 0.0768581
-73.3 0.0818807
-73.1 0.0875364
-72.9 0.0931217
-72.7 0.0987633
-72.5 0.104377
-72.3 0.109948
-72.1 0.115576
-71.9 0.122104
-71.7 0.128055
-71.5 0.134203
-71.3 0.14052
-71.1 0.147245
-70.9 0.153547
-70.7 0.160301
-70.5 0.167138
-70.3 0.173075
-70.1 0.179476
-69.9 0.186342
-69.7 0.19363
-69.5 0.200664
-69.3 0.208064
-69.1 0.215155
-68.9 0.222921
-68.7 0.230209
-68.5 0.237088
-68.3 0.243898
-68.1 0.251579
-67.9 0.259275
-67.7 0.266197
-67.5 0.274075
-67.3 0.281391
-67.1 0.288918
-66.9 0.296431
-66.7 0.303915
-66.5 0.310964
-66.3 0.3188
-66.1 0.326566
-65.9 0.333966
-65.7 0.341127
-65.5 0.348274
-65.3 0.355745
-65.1 0.363131
-64.9 0.370602
-64.7 0.377735
-64.5 0.384868
-64.3 0.391747
-64.1 0.398824
-63.9 0.406041
-63.7 0.41323
-63.5 0.420532
-63.3 0.427567
-63.1 0.433996
-62.9 0.441002
-62.7 0.447572
-62.5 0.454621
-62.3 0.461304
-62.1 0.468408
-61.9 0.475021
-61.7 0.481844
-61.5 0.488245
-61.3 0.494802
-61.1 0.501118
-60.9 0.506999
-60.7 0.513161
-60.5 0.519169
-60.3 0.524937
-60.1 0.530635
-59.9 0.5366
-59.7 0.542945
-59.5 0.548545
-59.3 0.554552
-59.1 0.560109
-58.9 0.566117
-58.7 0.571421
-58.5 0.57747
-58.3 0.582971
-58.1 0.588444
-57.9 0.593227
-57.7 0.598883
-57.5 0.603258
-57.3 0.608393
-57.1 0.61374
-56.9 0.61827
-56.7 0.623278
-56.5 0.628062
-56.3 0.633042
-56.1 0.63836
-55.9 0.643031
-55.7 0.647885
-55.5 0.652345
-55.3 0.656425
-55.1 0.661166
-54.9 0.665583
-54.7 0.669917
-54.5 0.674334
-54.3 0.678681
-54.1 0.683057
-53.9 0.687503
-53.7 0.691554
-53.5 0.695747
-53.3 0.699757
-53.1 0.704146
-52.9 0.708071
-52.7 0.712236
-52.5 0.71685
-52.3 0.720621
-52.1 0.724588
-51.9 0.728781
-51.7 0.732889
-51.5 0.736659
-51.3 0.74019
-51.1 0.744327
-50.9 0.74821
-50.7 0.752135
-50.5 0.756187
-50.3 0.760084
-50.1 0.763798
-49.9 0.767583
-49.7 0.771072
-49.5 0.774547
-49.3 0.777839
-49.1 0.781947
-48.9 0.785197
-48.7 0.788686
-48.5 0.791922
-48.3 0.795143
-48.1 0.798717
-47.9 0.801826
-47.7 0.804935
-47.5 0.808101
-47.3 0.811224
-47.1 0.814755
-46.9 0.818118
-46.7 0.821241
-46.5 0.824153
-46.3 0.827305
-46.1 0.830316
-45.9 0.833565
-45.7 0.83659
-45.5 0.840051
-45.3 0.843006
-45.1 0.845805
-44.9 0.848816
-44.7 0.851869
-44.5 0.854725
-44.3 0.857539
-44.1 0.860212
-43.9 0.863026
-43.7 0.865572
-43.5 0.868048
-43.3 0.870989
-43.1 0.873802
-42.9 0.876616
-42.7 0.879191
-42.5 0.88154
-42.3 0.884016
-42.1 0.886774
-41.9 0.889109
-41.7 0.891811
-41.5 0.894413
-41.3 0.896875
-41.1 0.899253
-40.9 0.901617
-40.7 0.904107
-40.5 0.906344
-40.3 0.908989
-40.1 0.911479
-39.9 0.913617
-39.7 0.915714
-39.5 0.917866
-39.3 0.920244
-39.1 0.922579
-38.9 0.924521
-38.7 0.92649
-38.5 0.928657
-38.3 0.930711
-38.1 0.93261
-37.9 0.934636
-37.7 0.936648
-37.5 0.93828
-37.3 0.940039
-37.1 0.941699
-36.9 0.943331
-36.7 0.944935
-36.5 0.946524
-36.3 0.948325
-36.1 0.950267
-35.9 0.951842
-35.7 0.953362
-35.5 0.954811
-35.3 0.956049
-35.1 0.9574
-34.9 0.958919
-34.7 0.960129
-34.5 0.961325
-34.3 0.962464
-34.1 0.96373
-33.9 0.964828
-33.7 0.965827
-33.5 0.967051
-33.3 0.968387
-33.1 0.969639
-32.9 0.970568
-32.7 0.971581
-32.5 0.972425
-32.3 0.973368
-32.1 0.974324
-31.9 0.975042
-31.7 0.975717
-31.5 0.976533
-31.3 0.977307
-31.1 0.978235
-30.9 0.979122
-30.7 0.979741
-30.5 0.98029
-30.3 0.980993
-30.1 0.981696
-29.9 0.982372
-29.7 0.983089
-29.5 0.98368
-29.3 0.984285
-29.1 0.984806
-28.9 0.985242
-28.7 0.98579
-28.5 0.986367
-28.3 0.986817
-28.1 0.98731
-27.9 0.98769
-27.7 0.988041
-27.5 0.988661
-27.3 0.989223
-27.1 0.989659
-26.9 0.990152
-26.7 0.990518
-26.5 0.990912
-26.3 0.991432
-26.1 0.991981
-25.9 0.992459
-25.7 0.992797
-25.5 0.99312
-25.3 0.99343
-25.1 0.993838
-24.9 0.994105
-24.7 0.994401
-24.5 0.994626
-24.3 0.994949
-24.1 0.995301
-23.9 0.995568
-23.7 0.995793
-23.5 0.996019
-23.3 0.996215
-23.1 0.996455
-22.9 0.996764
-22.7 0.997088
-22.5 0.997369
-22.3 0.997566
-22.1 0.997693
-21.9 0.99796
-21.7 0.998143
-21.5 0.99834
-21.3 0.998635
-21.1 0.99886
-20.9 0.999057
-20.7 0.999212
-20.5 0.999437
-20.3 0.999634
-20.1 0.999831
-19.9 1
