320
-83.7 5.54155e-05
-83.5 5.54155e-05
-83.3 5.54155e-05
-83.1 0.000110831
-82.9 0.000124685
-82.7 0.000166246
-82.5 0.0001801
-82.3 0.000207808
-82.1 0.000304785
-81.9 0.000360201
-81.7 0.000387908
-81.5 0.00042947
-81.3 0.000457178
-81.1 0.000526447
-80.9 0.000595716
-80.7 0.000692693
-80.5 0.000803524
-80.3 0.000900502
-80.1 0.000997479
-79.9 0.00113602
-79.7 0.00131612
-79.5 0.00145466
-79.3 0.00164861
-79.1 0.00181486
-78.9 0.00205037
-78.7 0.00236901
-78.5 0.0026738
-78.3 0.00295087
-78.1 0.0033942
-77.9 0.0039345
-77.7 0.00446095
-77.5 0.00515364
-77.3 0.00605414
-77.1 0.00703777
-76.9 0.0082292
-76.7 0.00971156
-76.5 0.0115818
-76.3 0.0138816
-76.1 0.0162229
-75.9 0.0185919
-75.7 0.0211549
-75.5 0.0246876
-75.3 0.0284697
-75.1 0.0328752
-74.9 0.0376964
-74.7 0.0425729
-74.5 0.0481838
-74.3 0.054224
-74.1 0.060486
-73.9 0.0668172
-73.7 0.0736333
-73.5 0.0809759
-73.3 0.0888587
-73.1 0.0969355
-72.9 0.105511
-72.7 0.113754
-72.5 0.122621
-72.3 0.13121
-72.1 0.140035
-71.9 0.148777
-71.7 0.158211
-71.5 0.167937
-71.3 0.176997
-71.1 0.186418
-70.9 0.195672
-70.7 0.205134
-70.5 0.214319
-70.3 0.223421
-70.1 0.232593
-69.9 0.242027
-69.7 0.251545
-69.5 0.260661
-69.3 0.269527
-69.1 0.278795
-68.9 0.288341
-68.7 0.297346
-68.5 0.306074
-68.3 0.315231
-68.1 0.324887
-67.9 0.334543
-67.7 0.343063
-67.5 0.351168
-67.3 0.35984
-67.1 0.36818
-66.9 0.37616
-66.7 0.384985
-66.5 0.393616
-66.3 0.40258
-66.1 0.410199
-65.9 0.417916
-65.7 0.425605
-65.5 0.433391
-65.3 0.440996
-65.1 0.448519
-64.9 0.455751
-64.7 0.46265
-64.5 0.470048
-64.3 0.477169
-64.1 0.484207
-63.9 0.490856
-63.7 0.497368
-63.5 0.503727
-63.3 0.510377
-63.1 0.51668
-62.9 0.523067
-62.7 0.529121
-62.5 0.535078
-62.3 0.541229
-62.1 0.547519
-61.9 0.553324
-61.7 0.559004
-61.5 0.564753
-61.3 0.570696
-61.1 0.576626
-60.9 0.581752
-60.7 0.587266
-60.5 0.59271
-60.3 0.597864
-60.1 0.603724
-59.9 0.609044
-59.7 0.614087
-59.5 0.619226
-59.3 0.624851
-59.1 0.630074
-58.9 0.634937
-58.7 0.640076
-58.5 0.644565
-58.3 0.649178
-58.1 0.654249
-57.9 0.659056
-57.7 0.663683
-57.5 0.668172
-57.3 0.672744
-57.1 0.676914
-56.9 0.681001
-56.7 0.685503
-56.5 0.68959
-56.3 0.693816
-56.1 0.698138
-55.9 0.701892
-55.7 0.706007
-55.5 0.71044
-55.3 0.71425
-55.1 0.718531
-54.9 0.722188
-54.7 0.726206
-54.5 0.730348
-54.3 0.734394
-54.1 0.738425
-53.9 0.742332
-53.7 0.745934
-53.5 0.750076
-53.3 0.753429
-53.1 0.757599
-52.9 0.761132
-52.7 0.7649
-52.5 0.768959
-52.3 0.772547
-52.1 0.776551
-51.9 0.780222
-51.7 0.783935
-51.5 0.787565
-51.3 0.791375
-51.1 0.795157
-50.9 0.798759
-50.7 0.80225
-50.5 0.805658
-50.3 0.809135
-50.1 0.8121
-49.9 0.815494
-49.7 0.819041
-49.5 0.822449
-49.3 0.825885
-49.1 0.828905
-48.9 0.832382
-48.7 0.835624
-48.5 0.838602
-48.3 0.84201
-48.1 0.845031
-47.9 0.847954
-47.7 0.851293
-47.5 0.854285
-47.3 0.857471
-47.1 0.860672
-46.9 0.863872
-46.7 0.866449
-46.5 0.869677
-46.3 0.872821
-46.1 0.875454
-45.9 0.878086
-45.7 0.880704
-45.5 0.883655
-45.3 0.886177
-45.1 0.888837
-44.9 0.891663
-44.7 0.89435
-44.5 0.897052
-44.3 0.899462
-44.1 0.902025
-43.9 0.904353
-43.7 0.906971
-43.5 0.909299
-43.3 0.911779
-43.1 0.914217
-42.9 0.916406
-42.7 0.918415
-42.5 0.920479
-42.3 0.922474
-42.1 0.92451
-41.9 0.926256
-41.7 0.928389
-41.5 0.930398
-41.3 0.932504
-41.1 0.934471
-40.9 0.93648
-40.7 0.938198
-40.5 0.939957
-40.3 0.941689
-40.1 0.943352
-39.9 0.944875
-39.7 0.946566
-39.5 0.948187
-39.3 0.9496
-39.1 0.951304
-38.9 0.952592
-38.7 0.953922
-38.5 0.955418
-38.3 0.956637
-38.1 0.958009
-37.9 0.959173
-37.7 0.9606
-37.5 0.961805
-37.3 0.963232
-37.1 0.964299
-36.9 0.965545
-36.7 0.966598
-36.5 0.967679
-36.3 0.968773
-36.1 0.969826
-35.9 0.970865
-35.7 0.971669
-35.5 0.972459
-35.3 0.973207
-35.1 0.974121
-34.9 0.974814
-34.7 0.975506
-34.5 0.976338
-34.3 0.977003
-34.1 0.977792
-33.9 0.97854
-33.7 0.979302
-33.5 0.979953
-33.3 0.980494
-33.1 0.9812
-32.9 0.981879
-32.7 0.982669
-32.5 0.983265
-32.3 0.983694
-32.1 0.984262
-31.9 0.98483
-31.7 0.985343
-31.5 0.985827
-31.3 0.986215
-31.1 0.986742
-30.9 0.987462
-30.7 0.987836
-30.5 0.988266
-30.3 0.988598
-30.1 0.989042
-29.9 0.989485
-29.7 0.990053
-29.5 0.990399
-29.3 0.990676
-29.1 0.990981
-28.9 0.991327
-28.7 0.99166
-28.5 0.991895
-28.3 0.992145
-28.1 0.99245
-27.9 0.992782
-27.7 0.993142
-27.5 0.993447
-27.3 0.993627
-27.1 0.993835
-26.9 0.994043
-26.7 0.994251
-26.5 0.994514
-26.3 0.994708
-26.1 0.994902
-25.9 0.995248
-25.7 0.995414
-25.5 0.995636
-25.3 0.995788
-25.1 0.996038
-24.9 0.996176
-24.7 0.996273
-24.5 0.996384
-24.3 0.996592
-24.1 0.996703
-23.9 0.996938
-23.7 0.997174
-23.5 0.997354
-23.3 0.99752
-23.1 0.997659
-22.9 0.997963
-22.7 0.998102
-22.5 0.998227
-22.3 0.998421
-22.1 0.998545
-21.9 0.998739
-21.7 0.998767
-21.5 0.998961
-21.3 0.999099
-21.1 0.99921
-20.9 0.999377
-20.7 0.999529
-20.5 0.999654
-20.3 0.999806
-20.1 0.999917
-19.9 1
