298
-1299.7 1.18555e-05
-1299.5 1.97592e-05
-1299.3 3.16147e-05
-1299.1 4.34702e-05
-1298.9 5.53257e-05
-1298.7 6.32294e-05
-1298.5 7.1133e-05
-1298.3 7.50849e-05
-1298.1 8.29885e-05
-1297.9 9.4844e-05
-1297.7 9.87959e-05
-1297.5 0.000110651
-1297.3 0.000118555
-1297.1 0.000126459
-1296.9 0.000130411
-1296.7 0.000138314
-1296.5 0.000138314
-1296.3 0.000158073
-1296.1 0.000169929
-1295.9 0.000177833
-1295.7 0.000189688
-1295.5 0.000201544
-1295.3 0.000209447
-1295.1 0.000225255
-1294.9 0.000248966
-1294.7 0.000252917
-1294.5 0.000264773
-1294.3 0.00028058
-1294.1 0.000296388
-1293.9 0.000312195
-1293.7 0.000335906
-1293.5 0.000359617
-1293.3 0.000371472
-1293.1 0.000371472
-1292.9 0.000391232
-1292.7 0.000407039
-1292.5 0.000414943
-1292.3 0.000446557
-1292.1 0.000462365
-1291.9 0.000501883
-1291.7 0.000525594
-1291.5 0.000549305
-1291.3 0.000573016
-1291.1 0.000588823
-1290.9 0.000608583
-1290.7 0.00062439
-1290.5 0.000671812
-1290.3 0.000687619
-1290.1 0.000723186
-1289.9 0.000766656
-1289.7 0.000790367
-1289.5 0.000829885
-1289.3 0.000877307
-1289.1 0.000916826
-1288.9 0.00101562
-1288.7 0.00121321
-1288.5 0.0021498
-1288.3 0.00583291
-1288.1 0.0157599
-1287.9 0.034132
-1287.7 0.0589772
-1287.5 0.0855375
-1287.3 0.110616
-1287.1 0.130197
-1286.9 0.145226
-1286.7 0.157615
-1286.5 0.167807
-1286.3 0.176888
-1286.1 0.185788
-1285.9 0.194201
-1285.7 0.202662
-1285.5 0.211103
-1285.3 0.219121
-1285.1 0.227274
-1284.9 0.235549
-1284.7 0.243149
-1284.5 0.250716
-1284.3 0.258403
-1284.1 0.265706
-1283.9 0.273297
-1283.7 0.280889
-1283.5 0.28844
-1283.3 0.295558
-1283.1 0.302462
-1282.9 0.309508
-1282.7 0.316238
-1282.5 0.323438
-1282.3 0.330492
-1282.1 0.337171
-1281.9 0.344027
-1281.7 0.350761
-1281.5 0.357475
-1281.3 0.36409
-1281.1 0.370627
-1280.9 0.377159
-1280.7 0.383636
-1280.5 0.389999
-1280.3 0.39646
-1280.1 0.40285
-1279.9 0.409398
-1279.7 0.415516
-1279.5 0.421744
-1279.3 0.428126
-1279.1 0.434137
-1278.9 0.440108
-1278.7 0.446269
-1278.5 0.452315
-1278.3 0.458512
-1278.1 0.464582
-1277.9 0.470573
-1277.7 0.476406
-1277.5 0.482195
-1277.3 0.48798
-1277.1 0.49375
-1276.9 0.499631
-1276.7 0.505151
-1276.5 0.510873
-1276.3 0.51637
-1276.1 0.521844
-1275.9 0.527499
-1275.7 0.533233
-1275.5 0.538793
-1275.3 0.54446
-1275.1 0.550036
-1274.9 0.555466
-1274.7 0.561089
-1274.5 0.566551
-1274.3 0.571744
-1274.1 0.577023
-1273.9 0.582311
-1273.7 0.587551
-1273.5 0.59253
-1273.3 0.597557
-1273.1 0.602548
-1272.9 0.607808
-1272.7 0.612874
-1272.5 0.617865
-1272.3 0.622734
-1272.1 0.627702
-1271.9 0.632799
-1271.7 0.637759
-1271.5 0.642545
-1271.3 0.64737
-1271.1 0.652084
-1270.9 0.656902
-1270.7 0.661715
-1270.5 0.666461
-1270.3 0.670867
-1270.1 0.675286
-1269.9 0.67981
-1269.7 0.684485
-1269.5 0.689006
-1269.3 0.693634
-1269.1 0.698052
-1268.9 0.702553
-1268.7 0.706971
-1268.5 0.711326
-1268.3 0.715827
-1268.1 0.719894
-1267.9 0.724008
-1267.7 0.728153
-1267.5 0.732398
-1267.3 0.736381
-1267.1 0.740566
-1266.9 0.744486
-1266.7 0.748545
-1266.5 0.75273
-1266.3 0.756796
-1266.1 0.760653
-1265.9 0.764443
-1265.7 0.768454
-1265.5 0.772157
-1265.3 0.776148
-1265.1 0.779914
-1264.9 0.783775
-1264.7 0.787617
-1264.5 0.791264
-1264.3 0.794876
-1264.1 0.798618
-1263.9 0.802258
-1263.7 0.805827
-1263.5 0.809462
-1263.3 0.812746
-1263.1 0.81654
-1262.9 0.820045
-1262.7 0.823452
-1262.5 0.826949
-1262.3 0.830486
-1262.1 0.833861
-1261.9 0.837074
-1261.7 0.840354
-1261.5 0.843626
-1261.3 0.846989
-1261.1 0.850257
-1260.9 0.853545
-1260.7 0.856706
-1260.5 0.8599
-1260.3 0.863097
-1260.1 0.866199
-1259.9 0.869352
-1259.7 0.872569
-1259.5 0.87562
-1259.3 0.87854
-1259.1 0.881405
-1258.9 0.884334
-1258.7 0.886823
-1258.5 0.889467
-1258.3 0.892269
-1258.1 0.894747
-1257.9 0.897414
-1257.7 0.900185
-1257.5 0.90288
-1257.3 0.905361
-1257.1 0.908128
-1256.9 0.910728
-1256.7 0.913265
-1256.5 0.915889
-1256.3 0.918426
-1256.1 0.920825
-1255.9 0.923196
-1255.7 0.92546
-1255.5 0.92782
-1255.3 0.930171
-1255.1 0.932376
-1254.9 0.934731
-1254.7 0.937166
-1254.5 0.939478
-1254.3 0.941789
-1254.1 0.943967
-1253.9 0.946113
-1253.7 0.948227
-1253.5 0.950393
-1253.3 0.952325
-1253.1 0.954238
-1252.9 0.956206
-1252.7 0.958205
-1252.5 0.960083
-1252.3 0.961912
-1252.1 0.963762
-1251.9 0.96567
-1251.7 0.967306
-1251.5 0.969097
-1251.3 0.970891
-1251.1 0.972507
-1250.9 0.974171
-1250.7 0.975736
-1250.5 0.977154
-1250.3 0.978502
-1250.1 0.979889
-1249.9 0.981225
-1249.7 0.982612
-1249.5 0.983904
-1249.3 0.985177
-1249.1 0.986378
-1248.9 0.987492
-1248.7 0.988516
-1248.5 0.98965
-1248.3 0.990626
-1248.1 0.991693
-1247.9 0.992729
-1247.7 0.993618
-1247.5 0.994586
-1247.3 0.995349
-1247.1 0.996068
-1246.9 0.996708
-1246.7 0.997214
-1246.5 0.997799
-1246.3 0.998261
-1246.1 0.998668
-1245.9 0.998976
-1245.7 0.999146
-1245.5 0.999348
-1245.3 0.99953
-1245.1 0.999676
-1244.9 0.9997
-1244.7 0.999735
-1244.5 0.999791
-1244.3 0.999826
-1244.1 0.999842
-1243.9 0.999862
-1243.7 0.99987
-1243.5 0.999874
-1243.3 0.999877
-1243.1 0.999889
-1242.9 0.999897
-1242.7 0.999909
-1242.5 0.999925
-1242.3 0.999925
-1242.1 0.999929
-1241.9 0.999945
-1241.7 0.999949
-1241.5 0.999953
-1241.3 0.999957
-1241.1 0.999972
-1240.9 0.999984
-1240.7 0.999984
-1240.5 0.999988
-1240.3 1
