-84.9 0
-84.7 6
-84.5 4
-84.3 0
-84.1 4
-83.9 3
-83.7 7
-83.5 3
-83.3 4
-83.1 10
-82.9 5
-82.7 5
-82.5 6
-82.3 10
-82.1 5
-81.9 7
-81.7 12
-81.5 17
-81.3 19
-81.1 12
-80.9 24
-80.7 25
-80.5 30
-80.3 31
-80.1 40
-79.9 41
-79.7 32
-79.5 48
-79.3 54
-79.1 67
-78.9 68
-78.7 86
-78.5 79
-78.3 85
-78.1 83
-77.9 91
-77.7 96
-77.5 131
-77.3 124
-77.1 133
-76.9 146
-76.7 144
-76.5 155
-76.3 167
-76.1 164
-75.9 160
-75.7 159
-75.5 198
-75.3 221
-75.1 231
-74.9 199
-74.7 223
-74.5 223
-74.3 224
-74.1 220
-73.9 231
-73.7 269
-73.5 232
-73.3 242
-73.1 261
-72.9 269
-72.7 265
-72.5 256
-72.3 228
-72.1 240
-71.9 270
-71.7 274
-71.5 258
-71.3 248
-71.1 287
-70.9 254
-70.7 288
-70.5 262
-70.3 256
-70.1 260
-69.9 222
-69.7 235
-69.5 264
-69.3 250
-69.1 243
-68.9 242
-68.7 243
-68.5 251
-68.3 233
-68.1 234
-67.9 244
-67.7 233
-67.5 234
-67.3 211
-67.1 239
-66.9 208
-66.7 200
-66.5 220
-66.3 207
-66.1 191
-65.9 201
-65.7 182
-65.5 197
-65.3 194
-65.1 205
-64.9 203
-64.7 168
-64.5 176
-64.3 186
-64.1 164
-63.9 172
-63.7 165
-63.5 170
-63.3 160
-63.1 180
-62.9 161
-62.7 158
-62.5 138
-62.3 172
-62.1 146
-61.9 153
-61.7 152
-61.5 149
-61.3 165
-61.1 140
-60.9 134
-60.7 150
-60.5 123
-60.3 152
-60.1 134
-59.9 145
-59.7 128
-59.5 128
-59.3 133
-59.1 149
-58.9 130
-58.7 146
-58.5 122
-58.3 115
-58.1 133
-57.9 121
-57.7 134
-57.5 135
-57.3 115
-57.1 122
-56.9 137
-56.7 112
-56.5 117
-56.3 136
-56.1 93
-55.9 122
-55.7 137
-55.5 118
-55.3 133
-55.1 119
-54.9 114
-54.7 109
-54.5 113
-54.3 124
-54.1 113
-53.9 137
-53.7 107
-53.5 134
-53.3 106
-53.1 102
-52.9 122
-52.7 115
-52.5 93
-52.3 121
-52.1 101
-51.9 99
-51.7 114
-51.5 97
-51.3 118
-51.1 131
-50.9 123
-50.7 113
-50.5 108
-50.3 98
-50.1 108
-49.9 100
-49.7 100
-49.5 105
-49.3 93
-49.1 106
-48.9 100
-48.7 104
-48.5 106
-48.3 83
-48.1 84
-47.9 105
-47.7 113
-47.5 118
-47.3 102
-47.1 95
-46.9 78
-46.7 98
-46.5 80
-46.3 75
-46.1 85
-45.9 77
-45.7 86
-45.5 86
-45.3 89
-45.1 77
-44.9 76
-44.7 83
-44.5 81
-44.3 81
-44.1 87
-43.9 67
-43.7 57
-43.5 49
-43.3 60
-43.1 53
-42.9 73
-42.7 65
-42.5 51
-42.3 68
-42.1 49
-41.9 51
-41.7 50
-41.5 47
-41.3 55
-41.1 42
-40.9 38
-40.7 53
-40.5 38
-40.3 40
-40.1 41
-39.9 50
-39.7 35
-39.5 29
-39.3 38
-39.1 29
-38.9 33
-38.7 28
-38.5 40
-38.3 30
-38.1 23
-37.9 31
-37.7 27
-37.5 33
-37.3 27
-37.1 22
-36.9 22
-36.7 22
-36.5 16
-36.3 19
-36.1 18
-35.9 30
-35.7 27
-35.5 14
-35.3 16
-35.1 19
-34.9 24
-34.7 15
-34.5 23
-34.3 8
-34.1 15
-33.9 16
-33.7 13
-33.5 9
-33.3 12
-33.1 13
-32.9 15
-32.7 12
-32.5 13
-32.3 11
-32.1 10
-31.9 9
-31.7 7
-31.5 6
-31.3 3
-31.1 10
-30.9 8
-30.7 7
-30.5 9
-30.3 4
-30.1 2
-29.9 2
-29.7 5
-29.5 3
-29.3 9
-29.1 5
-28.9 3
-28.7 6
-28.5 6
-28.3 7
-28.1 3
-27.9 5
-27.7 5
-27.5 3
-27.3 2
-27.1 1
-26.9 1
-26.7 5
-26.5 2
-26.3 1
-26.1 3
-25.9 5
-25.7 3
-25.5 0
-25.3 3
-25.1 2
-24.9 4
-24.7 0
-24.5 1
-24.3 1
-24.1 1
-23.9 3
-23.7 1
-23.5 3
-23.3 1
-23.1 4
-22.9 2
-22.7 4
-22.5 3
-22.3 1
-22.1 1
-21.9 2
-21.7 1
-21.5 1
-21.3 0
-21.1 0
-20.9 5
-20.7 0
-20.5 3
-20.3 2
-20.1 0
-19.9 2
-19.7 0
-19.5 2
-19.3 0
-19.1 2
-18.9 1
-18.7 0
-18.5 3
-18.3 0
-18.1 1
-17.9 1
-17.7 0
-17.5 0
-17.3 1
-17.1 0
-16.9 4
-16.7 2
-16.5 1
-16.3 1
-16.1 1
-15.9 1
-15.7 1
-15.5 0
-15.3 0
-15.1 0
-14.9 2
-14.7 1
-14.5 1
-14.3 0
-14.1 1
-13.9 1
-13.7 1
-13.5 1
-13.3 1
-13.1 2
-12.9 1
-12.7 0
-12.5 0
-12.3 0
-12.1 0
-11.9 2
-11.7 0
-11.5 0
-11.3 2
-11.1 0
-10.9 0
-10.7 1
-10.5 0
-10.3 0
-10.1 1
-9.9 0
-9.7 0
-9.5 1
-9.3 1
-9.1 1
-8.9 0
-8.7 1
-8.5 1
-8.3 1
-8.1 1
-7.9 0
-7.7 0
-7.5 0
-7.3 2
-7.1 0
-6.9 1
-6.7 0
-6.5 0
-6.3 0
-6.1 0
-5.9 0
-5.7 0
-5.5 0
-5.3 0
-5.1 1
-4.9 0
-4.7 0
-4.5 1
-4.3 0
-4.1 0
-3.9 0
-3.7 0
-3.5 0
-3.3 0
-3.1 0
-2.9 0
-2.7 0
-2.5 1
-2.3 0
-2.1 0
-1.9 0
-1.7 0
-1.5 0
-1.3 0
-1.1 0
-0.9 0
-0.7 0
-0.5 0
-0.3 0
-0.1 0
