315
-92.7 9.39443e-06
-92.5 1.87889e-05
-92.3 1.87889e-05
-92.1 1.87889e-05
-91.9 1.87889e-05
-91.7 1.87889e-05
-91.5 1.87889e-05
-91.3 1.87889e-05
-91.1 2.81833e-05
-90.9 3.75777e-05
-90.7 4.69722e-05
-90.5 4.69722e-05
-90.3 4.69722e-05
-90.1 6.5761e-05
-89.9 7.51555e-05
-89.7 0.000122128
-89.5 0.000131522
-89.3 0.000187889
-89.1 0.000263044
-88.9 0.000328805
-88.7 0.000413355
-88.5 0.000573061
-88.3 0.000713977
-88.1 0.000986416
-87.9 0.00119309
-87.7 0.00166281
-87.5 0.00206678
-87.3 0.00267741
-87.1 0.00330684
-86.9 0.00437781
-86.7 0.00547696
-86.5 0.0067452
-86.3 0.00838923
-86.1 0.0105406
-85.9 0.0125134
-85.7 0.0146741
-85.5 0.0175018
-85.3 0.0204517
-85.1 0.0237209
-84.9 0.0274787
-84.7 0.0314432
-84.5 0.0356143
-84.3 0.0402739
-84.1 0.0456006
-83.9 0.0510869
-83.7 0.0569772
-83.5 0.0629051
-83.3 0.0695752
-83.1 0.0767619
-82.9 0.0832911
-82.7 0.0901866
-82.5 0.0978806
-82.3 0.105368
-82.1 0.113494
-81.9 0.121677
-81.7 0.129831
-81.5 0.138032
-81.3 0.146657
-81.1 0.155234
-80.9 0.164205
-80.7 0.172952
-80.5 0.181585
-80.3 0.190773
-80.1 0.199697
-79.9 0.209186
-79.7 0.21859
-79.5 0.227439
-79.3 0.236702
-79.1 0.246068
-78.9 0.254993
-78.7 0.263542
-78.5 0.272185
-78.3 0.280302
-78.1 0.288888
-77.9 0.297005
-77.7 0.305516
-77.5 0.31368
-77.3 0.32222
-77.1 0.329594
-76.9 0.336584
-76.7 0.343695
-76.5 0.350939
-76.3 0.358182
-76.1 0.3655
-75.9 0.372649
-75.7 0.379065
-75.5 0.38505
-75.3 0.391475
-75.1 0.397882
-74.9 0.404177
-74.7 0.410199
-74.5 0.415976
-74.3 0.421876
-74.1 0.427287
-73.9 0.43283
-73.7 0.438326
-73.5 0.443756
-73.3 0.449317
-73.1 0.454719
-72.9 0.460299
-72.7 0.465485
-72.5 0.470379
-72.3 0.475772
-72.1 0.480911
-71.9 0.485955
-71.7 0.491122
-71.5 0.495688
-71.3 0.500517
-71.1 0.505251
-70.9 0.509601
-70.7 0.513932
-70.5 0.518554
-70.3 0.522932
-70.1 0.527554
-69.9 0.531932
-69.7 0.536281
-69.5 0.540715
-69.3 0.545215
-69.1 0.549358
-68.9 0.55368
-68.7 0.557889
-68.5 0.562238
-68.3 0.566353
-68.1 0.570515
-67.9 0.574395
-67.7 0.578321
-67.5 0.582399
-67.3 0.586767
-67.1 0.590769
-66.9 0.594903
-66.7 0.598811
-66.5 0.602606
-66.3 0.606946
-66.1 0.610638
-65.9 0.614349
-65.7 0.618285
-65.5 0.622334
-65.3 0.625979
-65.1 0.629972
-64.9 0.633796
-64.7 0.637628
-64.5 0.641621
-64.3 0.645473
-64.1 0.649484
-63.9 0.6539
-63.7 0.65777
-63.5 0.661716
-63.3 0.665549
-63.1 0.669513
-62.9 0.67359
-62.7 0.677686
-62.5 0.681651
-62.3 0.685456
-62.1 0.689401
-61.9 0.692793
-61.7 0.696616
-61.5 0.700487
-61.3 0.70463
-61.1 0.708124
-60.9 0.711741
-60.7 0.71533
-60.5 0.718984
-60.3 0.722958
-60.1 0.726284
-59.9 0.729816
-59.7 0.733377
-59.5 0.737125
-59.3 0.740704
-59.1 0.744218
-58.9 0.748041
-58.7 0.75179
-58.5 0.755106
-58.3 0.75876
-58.1 0.76202
-57.9 0.765459
-57.7 0.769047
-57.5 0.772824
-57.3 0.776149
-57.1 0.779954
-56.9 0.783665
-56.7 0.787178
-56.5 0.790777
-56.3 0.79429
-56.1 0.797907
-55.9 0.801195
-55.7 0.804511
-55.5 0.808551
-55.3 0.811999
-55.1 0.815662
-54.9 0.819317
-54.7 0.822821
-54.5 0.826447
-54.3 0.829867
-54.1 0.833183
-53.9 0.836546
-53.7 0.839844
-53.5 0.84316
-53.3 0.846702
-53.1 0.8503
-52.9 0.853343
-52.7 0.856707
-52.5 0.860211
-52.3 0.863414
-52.1 0.866627
-51.9 0.869793
-51.7 0.87295
-51.5 0.875993
-51.3 0.878981
-51.1 0.881818
-50.9 0.88458
-50.7 0.88783
-50.5 0.890855
-50.3 0.894031
-50.1 0.896868
-49.9 0.899837
-49.7 0.902692
-49.5 0.90568
-49.3 0.908695
-49.1 0.911335
-48.9 0.913975
-48.7 0.916521
-48.5 0.919067
-48.3 0.921481
-48.1 0.924065
-47.9 0.926517
-47.7 0.929025
-47.5 0.93127
-47.3 0.933412
-47.1 0.935488
-46.9 0.937442
-46.7 0.939866
-46.5 0.941877
-46.3 0.943859
-46.1 0.945916
-45.9 0.947983
-45.7 0.950059
-45.5 0.951816
-45.3 0.953648
-45.1 0.955433
-44.9 0.957058
-44.7 0.958618
-44.5 0.960327
-44.3 0.961783
-44.1 0.963334
-43.9 0.964808
-43.7 0.966312
-43.5 0.967758
-43.3 0.969149
-43.1 0.970398
-42.9 0.971563
-42.7 0.9727
-42.5 0.97378
-42.3 0.974823
-42.1 0.976007
-41.9 0.97704
-41.7 0.977942
-41.5 0.978909
-41.3 0.97983
-41.1 0.980882
-40.9 0.98169
-40.7 0.982564
-40.5 0.9834
-40.3 0.984264
-40.1 0.98511
-39.9 0.98588
-39.7 0.986669
-39.5 0.987383
-39.3 0.98821
-39.1 0.988849
-38.9 0.989394
-38.7 0.989976
-38.5 0.990559
-38.3 0.991113
-38.1 0.991705
-37.9 0.992146
-37.7 0.992597
-37.5 0.993058
-37.3 0.993471
-37.1 0.993809
-36.9 0.994269
-36.7 0.994636
-36.5 0.994974
-36.3 0.995246
-36.1 0.995547
-35.9 0.995866
-35.7 0.996101
-35.5 0.996364
-35.3 0.996609
-35.1 0.996778
-34.9 0.997031
-34.7 0.997266
-34.5 0.997482
-34.3 0.997689
-34.1 0.997896
-33.9 0.998187
-33.7 0.998328
-33.5 0.998431
-33.3 0.998628
-33.1 0.99876
-32.9 0.998873
-32.7 0.999014
-32.5 0.999136
-32.3 0.999211
-32.1 0.999277
-31.9 0.999342
-31.7 0.999408
-31.5 0.999465
-31.3 0.999511
-31.1 0.999558
-30.9 0.999681
-30.7 0.999765
-30.5 0.999812
-30.3 0.999859
-30.1 0.999944
-29.9 1
