316
-92.9 9.34562e-06
-92.7 9.34562e-06
-92.5 3.73825e-05
-92.3 4.67281e-05
-92.1 5.60737e-05
-91.9 5.60737e-05
-91.7 6.54193e-05
-91.5 8.41106e-05
-91.3 0.000112147
-91.1 0.000121493
-90.9 0.000177567
-90.7 0.00023364
-90.5 0.000317751
-90.3 0.000420553
-90.1 0.000560737
-89.9 0.000785032
-89.7 0.00105606
-89.5 0.00142988
-89.3 0.002028
-89.1 0.00257939
-88.9 0.00339246
-88.7 0.00416815
-88.5 0.00514944
-88.3 0.00645782
-88.1 0.0078877
-87.9 0.00942973
-87.7 0.0114764
-87.5 0.0138222
-87.3 0.0165231
-87.1 0.0198408
-86.9 0.0233921
-86.7 0.0275789
-86.5 0.0315975
-86.3 0.036775
-86.1 0.0421768
-85.9 0.0480084
-85.7 0.0542513
-85.5 0.0611484
-85.3 0.0682791
-85.1 0.0757089
-84.9 0.0838396
-84.7 0.0916618
-84.5 0.100269
-84.3 0.109157
-84.1 0.117904
-83.9 0.127119
-83.7 0.136493
-83.5 0.146212
-83.3 0.156081
-83.1 0.166146
-82.9 0.176473
-82.7 0.186697
-82.5 0.196538
-82.3 0.206884
-82.1 0.21666
-81.9 0.226211
-81.7 0.236201
-81.5 0.245846
-81.3 0.255472
-81.1 0.265117
-80.9 0.27463
-80.7 0.283742
-80.5 0.293415
-80.3 0.302331
-80.1 0.310863
-79.9 0.319246
-79.7 0.327583
-79.5 0.335769
-79.3 0.343947
-79.1 0.351059
-78.9 0.358601
-78.7 0.366302
-78.5 0.373572
-78.3 0.380507
-78.1 0.386965
-77.9 0.39403
-77.7 0.400581
-77.5 0.407291
-77.3 0.413441
-77.1 0.419544
-76.9 0.425506
-76.7 0.431366
-76.5 0.437179
-76.3 0.442758
-76.1 0.448646
-75.9 0.454244
-75.7 0.460122
-75.5 0.465365
-75.3 0.470748
-75.1 0.476094
-74.9 0.481701
-74.7 0.487262
-74.5 0.492467
-74.3 0.497981
-74.1 0.503168
-73.9 0.508243
-73.7 0.513383
-73.5 0.518093
-73.3 0.522887
-73.1 0.527747
-72.9 0.532644
-72.7 0.537336
-72.5 0.541541
-72.3 0.546158
-72.1 0.550494
-71.9 0.554663
-71.7 0.558971
-71.5 0.563588
-71.3 0.568354
-71.1 0.572578
-70.9 0.576812
-70.7 0.581073
-70.5 0.585587
-70.3 0.589877
-70.1 0.594335
-69.9 0.598559
-69.7 0.602587
-69.5 0.60668
-69.3 0.610783
-69.1 0.615007
-68.9 0.619045
-68.7 0.623007
-68.5 0.626904
-68.3 0.630708
-68.1 0.63511
-67.9 0.639072
-67.7 0.64324
-67.5 0.64738
-67.3 0.651184
-67.1 0.654651
-66.9 0.658876
-66.7 0.662763
-66.5 0.666726
-66.3 0.670548
-66.1 0.674184
-65.9 0.677763
-65.7 0.681539
-65.5 0.68523
-65.3 0.689081
-65.1 0.692922
-64.9 0.696837
-64.7 0.700847
-64.5 0.704548
-64.3 0.707931
-64.1 0.711818
-63.9 0.715519
-63.7 0.719183
-63.5 0.722977
-63.3 0.726594
-63.1 0.730145
-62.9 0.733631
-62.7 0.737472
-62.5 0.741491
-62.3 0.744874
-62.1 0.748444
-61.9 0.752164
-61.7 0.756033
-61.5 0.7595
-61.3 0.763303
-61.1 0.766883
-60.9 0.77064
-60.7 0.774509
-60.5 0.778294
-60.3 0.782219
-60.1 0.785696
-59.9 0.789331
-59.7 0.792808
-59.5 0.796593
-59.3 0.80035
-59.1 0.803985
-58.9 0.807546
-58.7 0.810929
-58.5 0.814574
-58.3 0.81805
-58.1 0.821676
-57.9 0.825302
-57.7 0.828947
-57.5 0.832723
-57.3 0.836386
-57.1 0.840096
-56.9 0.843339
-56.7 0.846807
-56.5 0.850386
-56.3 0.853685
-56.1 0.85675
-55.9 0.860031
-55.7 0.863059
-55.5 0.86647
-55.3 0.869619
-55.1 0.872797
-54.9 0.87575
-54.7 0.87903
-54.5 0.882161
-54.3 0.885395
-54.1 0.888254
-53.9 0.891357
-53.7 0.8946
-53.5 0.897927
-53.3 0.900815
-53.1 0.903693
-52.9 0.906497
-52.7 0.909217
-52.5 0.911777
-52.3 0.914394
-52.1 0.917058
-51.9 0.919665
-51.7 0.922291
-51.5 0.924824
-51.3 0.927431
-51.1 0.930076
-50.9 0.932506
-50.7 0.934954
-50.5 0.937216
-50.3 0.939478
-50.1 0.941767
-49.9 0.944001
-49.7 0.945954
-49.5 0.947861
-49.3 0.949851
-49.1 0.951786
-48.9 0.953795
-48.7 0.955608
-48.5 0.957459
-48.3 0.959104
-48.1 0.960935
-47.9 0.962515
-47.7 0.964132
-47.5 0.965804
-47.3 0.967318
-47.1 0.968692
-46.9 0.970216
-46.7 0.97172
-46.5 0.972935
-46.3 0.974029
-46.1 0.975337
-45.9 0.976346
-45.7 0.977627
-45.5 0.978664
-45.3 0.979841
-45.1 0.98086
-44.9 0.981795
-44.7 0.982533
-44.5 0.983355
-44.3 0.98401
-44.1 0.984879
-43.9 0.985617
-43.7 0.986374
-43.5 0.987178
-43.3 0.987897
-43.1 0.988421
-42.9 0.989094
-42.7 0.989851
-42.5 0.990496
-42.3 0.991047
-42.1 0.991458
-41.9 0.991935
-41.7 0.992281
-41.5 0.992645
-41.3 0.993196
-41.1 0.99358
-40.9 0.993991
-40.7 0.994486
-40.5 0.994832
-40.3 0.995131
-40.1 0.995495
-39.9 0.995832
-39.7 0.996122
-39.5 0.996449
-39.3 0.996701
-39.1 0.996916
-38.9 0.997065
-38.7 0.997327
-38.5 0.997514
-38.3 0.997608
-38.1 0.997804
-37.9 0.997972
-37.7 0.99814
-37.5 0.998262
-37.3 0.998374
-37.1 0.998467
-36.9 0.998598
-36.7 0.998701
-36.5 0.998832
-36.3 0.998944
-36.1 0.999028
-35.9 0.999093
-35.7 0.999131
-35.5 0.999224
-35.3 0.999318
-35.1 0.999374
-34.9 0.999439
-34.7 0.999477
-34.5 0.999514
-34.3 0.999551
-34.1 0.999589
-33.9 0.999607
-33.7 0.999636
-33.5 0.999682
-33.3 0.99971
-33.1 0.999729
-32.9 0.999748
-32.7 0.999785
-32.5 0.999813
-32.3 0.999841
-32.1 0.999879
-31.9 0.999897
-31.7 0.999897
-31.5 0.999916
-31.3 0.999916
-31.1 0.999925
-30.9 0.999953
-30.7 0.999963
-30.5 0.999972
-30.3 0.999972
-30.1 0.999991
-29.9 1
