365
-82.7 3.13846e-05
-82.5 7.17363e-05
-82.3 9.41539e-05
-82.1 0.000121055
-81.9 0.000147956
-81.7 0.000206242
-81.5 0.000260044
-81.3 0.000291429
-81.1 0.000376616
-80.9 0.000416967
-80.7 0.000479737
-80.5 0.000555957
-80.3 0.00063666
-80.1 0.000730814
-79.9 0.000851869
-79.7 0.00100431
-79.5 0.00123297
-79.3 0.00140334
-79.1 0.00167684
-78.9 0.00186066
-78.7 0.00212071
-78.5 0.00238972
-78.3 0.00279323
-78.1 0.0032102
-77.9 0.00361372
-77.7 0.00413381
-77.5 0.0047346
-77.3 0.00533091
-77.1 0.00603034
-76.9 0.00681047
-76.7 0.00764889
-76.5 0.00857698
-76.3 0.00949161
-76.1 0.0106932
-75.9 0.0120562
-75.7 0.0135223
-75.5 0.0148898
-75.3 0.0164097
-75.1 0.0180551
-74.9 0.0199293
-74.7 0.0219244
-74.5 0.0240631
-74.3 0.0265066
-74.1 0.028968
-73.9 0.0319451
-73.7 0.0348459
-73.5 0.0377423
-73.3 0.0410063
-73.1 0.0442748
-72.9 0.0477495
-72.7 0.0513991
-72.5 0.0553266
-72.3 0.0594784
-72.1 0.0638633
-71.9 0.0682078
-71.7 0.0726151
-71.5 0.0774932
-71.3 0.0823399
-71.1 0.0873211
-70.9 0.0922215
-70.7 0.0972879
-70.5 0.102995
-70.3 0.108707
-70.1 0.114428
-69.9 0.12014
-69.7 0.126005
-69.5 0.132407
-69.3 0.138657
-69.1 0.145002
-68.9 0.151619
-68.7 0.158282
-68.5 0.164855
-68.3 0.171741
-68.1 0.178597
-67.9 0.185371
-67.7 0.192791
-67.5 0.200167
-67.3 0.207722
-67.1 0.214886
-66.9 0.222132
-66.7 0.229552
-66.5 0.237035
-66.3 0.244554
-66.1 0.251839
-65.9 0.259596
-65.7 0.267043
-65.5 0.274992
-65.3 0.282619
-65.1 0.290402
-64.9 0.297917
-64.7 0.305745
-64.5 0.313331
-64.3 0.321087
-64.1 0.328996
-63.9 0.336735
-63.7 0.344482
-63.5 0.351974
-63.3 0.359556
-63.1 0.366967
-62.9 0.374571
-62.7 0.382135
-62.5 0.390021
-62.3 0.397482
-62.1 0.405279
-61.9 0.412542
-61.7 0.419882
-61.5 0.427123
-61.3 0.434274
-61.1 0.441479
-60.9 0.448675
-60.7 0.45571
-60.5 0.462637
-60.3 0.469833
-60.1 0.476778
-59.9 0.483714
-59.7 0.490784
-59.5 0.497608
-59.3 0.504069
-59.1 0.510619
-58.9 0.517147
-58.7 0.523635
-58.5 0.529813
-58.3 0.53635
-58.1 0.542479
-57.9 0.54837
-57.7 0.554482
-57.5 0.560516
-57.3 0.566529
-57.1 0.572738
-56.9 0.578477
-56.7 0.584176
-56.5 0.589978
-56.3 0.595246
-56.1 0.600931
-55.9 0.606289
-55.7 0.611718
-55.5 0.617085
-55.3 0.622528
-55.1 0.627859
-54.9 0.633046
-54.7 0.638184
-54.5 0.643197
-54.3 0.648165
-54.1 0.653159
-53.9 0.6578
-53.7 0.662835
-53.5 0.66761
-53.3 0.672152
-53.1 0.676909
-52.9 0.681491
-52.7 0.686122
-52.5 0.690628
-52.3 0.695098
-52.1 0.699627
-51.9 0.704339
-51.7 0.708916
-51.5 0.713135
-51.3 0.717395
-51.1 0.721551
-50.9 0.726106
-50.7 0.730146
-50.5 0.734253
-50.3 0.738463
-50.1 0.742516
-49.9 0.746475
-49.7 0.750456
-49.5 0.754438
-49.3 0.758419
-49.1 0.762405
-48.9 0.766435
-48.7 0.770372
-48.5 0.77421
-48.3 0.778164
-48.1 0.781872
-47.9 0.78575
-47.7 0.789678
-47.5 0.793399
-47.3 0.796968
-47.1 0.800815
-46.9 0.804406
-46.7 0.808159
-46.5 0.811759
-46.3 0.815422
-46.1 0.819027
-45.9 0.822601
-45.7 0.826165
-45.5 0.829644
-45.3 0.833052
-45.1 0.836284
-44.9 0.839956
-44.7 0.843364
-44.5 0.846543
-44.3 0.849847
-44.1 0.853021
-43.9 0.856164
-43.7 0.859213
-43.5 0.862208
-43.3 0.864992
-43.1 0.86796
-42.9 0.870987
-42.7 0.873668
-42.5 0.87638
-42.3 0.879183
-42.1 0.882182
-41.9 0.884921
-41.7 0.88767
-41.5 0.890212
-41.3 0.892736
-41.1 0.895238
-40.9 0.897986
-40.7 0.900408
-40.5 0.90295
-40.3 0.905371
-40.1 0.907711
-39.9 0.910034
-39.7 0.91219
-39.5 0.914374
-39.3 0.91658
-39.1 0.918732
-38.9 0.920736
-38.7 0.922709
-38.5 0.924744
-38.3 0.926703
-38.1 0.928761
-37.9 0.930573
-37.7 0.932429
-37.5 0.934231
-37.3 0.935805
-37.1 0.937531
-36.9 0.939226
-36.7 0.940862
-36.5 0.942517
-36.3 0.944068
-36.1 0.945539
-35.9 0.947054
-35.7 0.948336
-35.5 0.94952
-35.3 0.950753
-35.1 0.952031
-34.9 0.953277
-34.7 0.95464
-34.5 0.955748
-34.3 0.956927
-34.1 0.958066
-33.9 0.959236
-33.7 0.960298
-33.5 0.961307
-33.3 0.962352
-33.1 0.963316
-32.9 0.964271
-32.7 0.965208
-32.5 0.966185
-32.3 0.966992
-32.1 0.967835
-31.9 0.968665
-31.7 0.969413
-31.5 0.970081
-31.3 0.970803
-31.1 0.971534
-30.9 0.972247
-30.7 0.972946
-30.5 0.97357
-30.3 0.974161
-30.1 0.974861
-29.9 0.975408
-29.7 0.976004
-29.5 0.976533
-29.3 0.976995
-29.1 0.977475
-28.9 0.977986
-28.7 0.978434
-28.5 0.978914
-28.3 0.979506
-28.1 0.979932
-27.9 0.980456
-27.7 0.980923
-27.5 0.981299
-27.3 0.981716
-27.1 0.982138
-26.9 0.982514
-26.7 0.982936
-26.5 0.983348
-26.3 0.983806
-26.1 0.984173
-25.9 0.984554
-25.7 0.984886
-25.5 0.985195
-25.3 0.985581
-25.1 0.985917
-24.9 0.986303
-24.7 0.986657
-24.5 0.986957
-24.3 0.987294
-24.1 0.987572
-23.9 0.987899
-23.7 0.988168
-23.5 0.988455
-23.3 0.988715
-23.1 0.988953
-22.9 0.989181
-22.7 0.989423
-22.5 0.989639
-22.3 0.989943
-22.1 0.990195
-21.9 0.990477
-21.7 0.990688
-21.5 0.990934
-21.3 0.991185
-21.1 0.991419
-20.9 0.991697
-20.7 0.991889
-20.5 0.992064
-20.3 0.992257
-20.1 0.99253
-19.9 0.992746
-19.7 0.992907
-19.5 0.9931
-19.3 0.993279
-19.1 0.993494
-18.9 0.993629
-18.7 0.993884
-18.5 0.994073
-18.3 0.994207
-18.1 0.994418
-17.9 0.994575
-17.7 0.994741
-17.5 0.99492
-17.3 0.995055
-17.1 0.995194
-16.9 0.995382
-16.7 0.995539
-16.5 0.995696
-16.3 0.995844
-16.1 0.995983
-15.9 0.996099
-15.7 0.996252
-15.5 0.996386
-15.3 0.996471
-15.1 0.996633
-14.9 0.996772
-14.7 0.996888
-14.5 0.997001
-14.3 0.997153
-14.1 0.997305
-13.9 0.997426
-13.7 0.997539
-13.5 0.997637
-13.3 0.997749
-13.1 0.997857
-12.9 0.998005
-12.7 0.99813
-12.5 0.998256
-12.3 0.998395
-12.1 0.998516
-11.9 0.998655
-11.7 0.998812
-11.5 0.998946
-11.3 0.999085
-11.1 0.999211
-10.9 0.999345
-10.7 0.999507
-10.5 0.99961
-10.3 0.99974
-10.1 0.999883
-9.9 1
