-89.9 0
-89.7 0
-89.5 1
-89.3 0
-89.1 0
-88.9 3
-88.7 1
-88.5 2
-88.3 4
-88.1 6
-87.9 5
-87.7 13
-87.5 11
-87.3 16
-87.1 23
-86.9 21
-86.7 37
-86.5 45
-86.3 58
-86.1 70
-85.9 87
-85.7 113
-85.5 142
-85.3 171
-85.1 206
-84.9 263
-84.7 288
-84.5 324
-84.3 344
-84.1 412
-83.9 491
-83.7 483
-83.5 582
-83.3 617
-83.1 713
-82.9 768
-82.7 781
-82.5 848
-82.3 851
-82.1 889
-81.9 944
-81.7 1030
-81.5 1047
-81.3 1125
-81.1 1116
-80.9 1158
-80.7 1187
-80.5 1239
-80.3 1287
-80.1 1219
-79.9 1315
-79.7 1357
-79.5 1349
-79.3 1386
-79.1 1306
-78.9 1304
-78.7 1378
-78.5 1339
-78.3 1383
-78.1 1389
-77.9 1315
-77.7 1355
-77.5 1385
-77.3 1244
-77.1 1278
-76.9 1280
-76.7 1269
-76.5 1171
-76.3 1182
-76.1 1203
-75.9 1128
-75.7 1162
-75.5 1120
-75.3 1089
-75.1 1075
-74.9 1055
-74.7 1040
-74.5 934
-74.3 996
-74.1 950
-73.9 989
-73.7 913
-73.5 857
-73.3 900
-73.1 920
-72.9 870
-72.7 835
-72.5 783
-72.3 812
-72.1 825
-71.9 774
-71.7 784
-71.5 804
-71.3 804
-71.1 725
-70.9 743
-70.7 770
-70.5 693
-70.3 665
-70.1 698
-69.9 687
-69.7 715
-69.5 688
-69.3 669
-69.1 670
-68.9 705
-68.7 623
-68.5 654
-68.3 631
-68.1 640
-67.9 620
-67.7 612
-67.5 575
-67.3 585
-67.1 637
-66.9 566
-66.7 579
-66.5 595
-66.3 587
-66.1 600
-65.9 577
-65.7 582
-65.5 605
-65.3 572
-65.1 635
-64.9 599
-64.7 570
-64.5 556
-64.3 573
-64.1 559
-63.9 558
-63.7 582
-63.5 548
-63.3 532
-63.1 553
-62.9 554
-62.7 540
-62.5 554
-62.3 552
-62.1 553
-61.9 547
-61.7 520
-61.5 528
-61.3 572
-61.1 523
-60.9 504
-60.7 506
-60.5 494
-60.3 497
-60.1 494
-59.9 534
-59.7 543
-59.5 531
-59.3 520
-59.1 534
-58.9 488
-58.7 500
-58.5 477
-58.3 522
-58.1 581
-57.9 534
-57.7 531
-57.5 502
-57.3 522
-57.1 506
-56.9 530
-56.7 553
-56.5 540
-56.3 557
-56.1 515
-55.9 515
-55.7 501
-55.5 470
-55.3 510
-55.1 475
-54.9 529
-54.7 495
-54.5 468
-54.3 482
-54.1 549
-53.9 509
-53.7 514
-53.5 463
-53.3 476
-53.1 457
-52.9 437
-52.7 460
-52.5 472
-52.3 463
-52.1 477
-51.9 425
-51.7 456
-51.5 413
-51.3 438
-51.1 457
-50.9 455
-50.7 426
-50.5 432
-50.3 389
-50.1 421
-49.9 391
-49.7 393
-49.5 378
-49.3 374
-49.1 372
-48.9 348
-48.7 353
-48.5 351
-48.3 343
-48.1 355
-47.9 338
-47.7 320
-47.5 377
-47.3 314
-47.1 315
-46.9 319
-46.7 296
-46.5 283
-46.3 277
-46.1 256
-45.9 281
-45.7 252
-45.5 269
-45.3 229
-45.1 219
-44.9 221
-44.7 247
-44.5 222
-44.3 219
-44.1 212
-43.9 189
-43.7 174
-43.5 206
-43.3 182
-43.1 181
-42.9 175
-42.7 178
-42.5 148
-42.3 163
-42.1 151
-41.9 156
-41.7 145
-41.5 127
-41.3 130
-41.1 115
-40.9 120
-40.7 122
-40.5 112
-40.3 115
-40.1 104
-39.9 104
-39.7 96
-39.5 93
-39.3 87
-39.1 102
-38.9 77
-38.7 88
-38.5 79
-38.3 89
-38.1 71
-37.9 61
-37.7 65
-37.5 64
-37.3 60
-37.1 70
-36.9 59
-36.7 42
-36.5 46
-36.3 52
-36.1 55
-35.9 56
-35.7 43
-35.5 31
-35.3 48
-35.1 37
-34.9 31
-34.7 36
-34.5 32
-34.3 42
-34.1 23
-33.9 27
-33.7 20
-33.5 23
-33.3 24
-33.1 28
-32.9 24
-32.7 25
-32.5 25
-32.3 16
-32.1 13
-31.9 19
-31.7 14
-31.5 16
-31.3 16
-31.1 10
-30.9 16
-30.7 11
-30.5 9
-30.3 4
-30.1 6
-29.9 8
-29.7 4
-29.5 7
-29.3 8
-29.1 3
-28.9 8
-28.7 6
-28.5 6
-28.3 2
-28.1 5
-27.9 4
-27.7 3
-27.5 3
-27.3 4
-27.1 5
-26.9 7
-26.7 4
-26.5 1
-26.3 1
-26.1 3
-25.9 3
-25.7 1
-25.5 1
-25.3 2
-25.1 1
-24.9 2
-24.7 0
-24.5 0
-24.3 2
-24.1 2
-23.9 2
-23.7 1
-23.5 2
-23.3 0
-23.1 1
-22.9 0
-22.7 2
-22.5 0
-22.3 1
-22.1 0
-21.9 1
-21.7 1
-21.5 0
-21.3 1
-21.1 1
-20.9 2
-20.7 0
-20.5 1
-20.3 2
-20.1 1
-19.9 0
-19.7 0
-19.5 0
-19.3 0
-19.1 0
-18.9 0
-18.7 0
-18.5 0
-18.3 0
-18.1 1
-17.9 0
-17.7 0
-17.5 3
-17.3 0
-17.1 1
-16.9 1
-16.7 0
-16.5 1
-16.3 0
-16.1 0
-15.9 0
-15.7 1
-15.5 0
-15.3 0
-15.1 0
-14.9 1
-14.7 0
-14.5 0
-14.3 0
-14.1 0
-13.9 0
-13.7 0
-13.5 0
-13.3 0
-13.1 0
-12.9 1
-12.7 0
-12.5 0
-12.3 0
-12.1 0
-11.9 0
-11.7 0
-11.5 0
-11.3 0
-11.1 0
-10.9 0
-10.7 1
-10.5 0
-10.3 0
-10.1 0
