-89.9 0
-89.7 0
-89.5 0
-89.3 0
-89.1 0
-88.9 2
-88.7 2
-88.5 2
-88.3 3
-88.1 3
-87.9 3
-87.7 1
-87.5 4
-87.3 3
-87.1 4
-86.9 7
-86.7 6
-86.5 5
-86.3 18
-86.1 12
-85.9 16
-85.7 35
-85.5 28
-85.3 43
-85.1 43
-84.9 52
-84.7 48
-84.5 71
-84.3 70
-84.1 104
-83.9 127
-83.7 153
-83.5 176
-83.3 192
-83.1 241
-82.9 261
-82.7 288
-82.5 331
-82.3 342
-82.1 377
-81.9 445
-81.7 466
-81.5 513
-81.3 593
-81.1 609
-80.9 640
-80.7 639
-80.5 676
-80.3 784
-80.1 744
-79.9 873
-79.7 850
-79.5 941
-79.3 948
-79.1 938
-78.9 1019
-78.7 1091
-78.5 1052
-78.3 1121
-78.1 1139
-77.9 1140
-77.7 1203
-77.5 1230
-77.3 1230
-77.1 1238
-76.9 1292
-76.7 1303
-76.5 1250
-76.3 1279
-76.1 1268
-75.9 1269
-75.7 1336
-75.5 1301
-75.3 1217
-75.1 1273
-74.9 1240
-74.7 1230
-74.5 1181
-74.3 1192
-74.1 1184
-73.9 1166
-73.7 1138
-73.5 1179
-73.3 1115
-73.1 1166
-72.9 1125
-72.7 1082
-72.5 1002
-72.3 1025
-72.1 1027
-71.9 1054
-71.7 998
-71.5 1001
-71.3 980
-71.1 1005
-70.9 930
-70.7 939
-70.5 921
-70.3 840
-70.1 857
-69.9 845
-69.7 848
-69.5 818
-69.3 832
-69.1 814
-68.9 768
-68.7 785
-68.5 750
-68.3 772
-68.1 710
-67.9 732
-67.7 729
-67.5 729
-67.3 714
-67.1 708
-66.9 750
-66.7 674
-66.5 684
-66.3 589
-66.1 667
-65.9 675
-65.7 641
-65.5 661
-65.3 642
-65.1 652
-64.9 663
-64.7 593
-64.5 622
-64.3 642
-64.1 611
-63.9 650
-63.7 653
-63.5 571
-63.3 577
-63.1 581
-62.9 560
-62.7 587
-62.5 581
-62.3 604
-62.1 547
-61.9 553
-61.7 577
-61.5 544
-61.3 583
-61.1 577
-60.9 563
-60.7 559
-60.5 540
-60.3 545
-60.1 511
-59.9 584
-59.7 529
-59.5 536
-59.3 517
-59.1 609
-58.9 523
-58.7 505
-58.5 545
-58.3 546
-58.1 542
-57.9 549
-57.7 551
-57.5 530
-57.3 561
-57.1 523
-56.9 483
-56.7 535
-56.5 501
-56.3 508
-56.1 513
-55.9 490
-55.7 522
-55.5 521
-55.3 511
-55.1 533
-54.9 503
-54.7 503
-54.5 512
-54.3 500
-54.1 501
-53.9 500
-53.7 529
-53.5 499
-53.3 471
-53.1 532
-52.9 491
-52.7 484
-52.5 503
-52.3 535
-52.1 496
-51.9 491
-51.7 497
-51.5 479
-51.3 486
-51.1 493
-50.9 502
-50.7 477
-50.5 487
-50.3 436
-50.1 437
-49.9 429
-49.7 431
-49.5 458
-49.3 432
-49.1 432
-48.9 453
-48.7 404
-48.5 384
-48.3 403
-48.1 402
-47.9 404
-47.7 453
-47.5 412
-47.3 380
-47.1 394
-46.9 360
-46.7 382
-46.5 320
-46.3 364
-46.1 375
-45.9 303
-45.7 317
-45.5 323
-45.3 325
-45.1 288
-44.9 274
-44.7 262
-44.5 252
-44.3 270
-44.1 291
-43.9 251
-43.7 262
-43.5 273
-43.3 246
-43.1 196
-42.9 233
-42.7 235
-42.5 218
-42.3 234
-42.1 217
-41.9 216
-41.7 185
-41.5 179
-41.3 177
-41.1 199
-40.9 205
-40.7 176
-40.5 171
-40.3 166
-40.1 164
-39.9 138
-39.7 149
-39.5 150
-39.3 156
-39.1 132
-38.9 119
-38.7 134
-38.5 120
-38.3 123
-38.1 111
-37.9 104
-37.7 103
-37.5 93
-37.3 101
-37.1 106
-36.9 77
-36.7 99
-36.5 108
-36.3 88
-36.1 73
-35.9 83
-35.7 72
-35.5 73
-35.3 55
-35.1 58
-34.9 59
-34.7 72
-34.5 64
-34.3 66
-34.1 61
-33.9 49
-33.7 51
-33.5 41
-33.3 46
-33.1 49
-32.9 46
-32.7 54
-32.5 41
-32.3 34
-32.1 32
-31.9 21
-31.7 30
-31.5 29
-31.3 31
-31.1 29
-30.9 30
-30.7 25
-30.5 28
-30.3 31
-30.1 34
-29.9 40
-29.7 26
-29.5 19
-29.3 18
-29.1 20
-28.9 10
-28.7 13
-28.5 14
-28.3 24
-28.1 19
-27.9 11
-27.7 10
-27.5 9
-27.3 12
-27.1 12
-26.9 14
-26.7 15
-26.5 9
-26.3 11
-26.1 14
-25.9 4
-25.7 5
-25.5 4
-25.3 4
-25.1 4
-24.9 7
-24.7 9
-24.5 3
-24.3 3
-24.1 3
-23.9 5
-23.7 5
-23.5 4
-23.3 4
-23.1 2
-22.9 4
-22.7 4
-22.5 2
-22.3 2
-22.1 2
-21.9 1
-21.7 1
-21.5 0
-21.3 3
-21.1 1
-20.9 3
-20.7 1
-20.5 1
-20.3 0
-20.1 0
-19.9 1
-19.7 1
-19.5 0
-19.3 1
-19.1 0
-18.9 0
-18.7 0
-18.5 2
-18.3 0
-18.1 1
-17.9 0
-17.7 1
-17.5 0
-17.3 0
-17.1 0
-16.9 2
-16.7 1
-16.5 0
-16.3 0
-16.1 1
-15.9 0
-15.7 0
-15.5 0
-15.3 1
-15.1 1
-14.9 0
-14.7 1
-14.5 0
-14.3 0
-14.1 0
-13.9 1
-13.7 0
-13.5 0
-13.3 1
-13.1 2
-12.9 2
-12.7 1
-12.5 0
-12.3 1
-12.1 0
-11.9 1
-11.7 0
-11.5 0
-11.3 0
-11.1 0
-10.9 1
-10.7 1
-10.5 0
-10.3 0
-10.1 0
