-93.9 0
-93.7 1
-93.5 0
-93.3 0
-93.1 0
-92.9 0
-92.7 0
-92.5 0
-92.3 1
-92.1 0
-91.9 0
-91.7 0
-91.5 0
-91.3 0
-91.1 0
-90.9 0
-90.7 0
-90.5 0
-90.3 1
-90.1 0
-89.9 0
-89.7 0
-89.5 0
-89.3 0
-89.1 1
-88.9 0
-88.7 0
-88.5 0
-88.3 0
-88.1 0
-87.9 0
-87.7 0
-87.5 0
-87.3 0
-87.1 0
-86.9 0
-86.7 0
-86.5 0
-86.3 0
-86.1 0
-85.9 0
-85.7 1
-85.5 0
-85.3 1
-85.1 0
-84.9 0
-84.7 0
-84.5 0
-84.3 0
-84.1 0
-83.9 2
-83.7 0
-83.5 0
-83.3 0
-83.1 1
-82.9 0
-82.7 1
-82.5 0
-82.3 1
-82.1 0
-81.9 1
-81.7 1
-81.5 1
-81.3 4
-81.1 0
-80.9 0
-80.7 5
-80.5 1
-80.3 2
-80.1 2
-79.9 1
-79.7 5
-79.5 1
-79.3 5
-79.1 7
-78.9 7
-78.7 9
-78.5 4
-78.3 9
-78.1 8
-77.9 14
-77.7 16
-77.5 20
-77.3 21
-77.1 32
-76.9 27
-76.7 32
-76.5 44
-76.3 50
-76.1 55
-75.9 67
-75.7 90
-75.5 109
-75.3 85
-75.1 89
-74.9 129
-74.7 171
-74.5 163
-74.3 207
-74.1 218
-73.9 246
-73.7 291
-73.5 308
-73.3 327
-73.1 361
-72.9 334
-72.7 400
-72.5 397
-72.3 442
-72.1 505
-71.9 478
-71.7 532
-71.5 514
-71.3 574
-71.1 518
-70.9 584
-70.7 609
-70.5 630
-70.3 633
-70.1 639
-69.9 656
-69.7 717
-69.5 692
-69.3 769
-69.1 692
-68.9 705
-68.7 765
-68.5 769
-68.3 712
-68.1 735
-67.9 756
-67.7 712
-67.5 794
-67.3 740
-67.1 742
-66.9 754
-66.7 760
-66.5 760
-66.3 802
-66.1 723
-65.9 718
-65.7 765
-65.5 759
-65.3 711
-65.1 825
-64.9 709
-64.7 733
-64.5 751
-64.3 724
-64.1 682
-63.9 752
-63.7 710
-63.5 740
-63.3 739
-63.1 692
-62.9 675
-62.7 700
-62.5 694
-62.3 648
-62.1 685
-61.9 682
-61.7 685
-61.5 639
-61.3 672
-61.1 650
-60.9 581
-60.7 637
-60.5 599
-60.3 632
-60.1 583
-59.9 580
-59.7 543
-59.5 626
-59.3 588
-59.1 578
-58.9 555
-58.7 588
-58.5 556
-58.3 552
-58.1 562
-57.9 518
-57.7 532
-57.5 519
-57.3 512
-57.1 502
-56.9 487
-56.7 513
-56.5 514
-56.3 513
-56.1 524
-55.9 492
-55.7 514
-55.5 494
-55.3 500
-55.1 464
-54.9 470
-54.7 493
-54.5 436
-54.3 465
-54.1 457
-53.9 425
-53.7 431
-53.5 449
-53.3 475
-53.1 432
-52.9 449
-52.7 495
-52.5 426
-52.3 446
-52.1 435
-51.9 474
-51.7 417
-51.5 417
-51.3 456
-51.1 442
-50.9 379
-50.7 457
-50.5 421
-50.3 407
-50.1 394
-49.9 396
-49.7 432
-49.5 427
-49.3 397
-49.1 415
-48.9 423
-48.7 382
-48.5 408
-48.3 388
-48.1 394
-47.9 387
-47.7 414
-47.5 434
-47.3 456
-47.1 411
-46.9 383
-46.7 378
-46.5 347
-46.3 415
-46.1 378
-45.9 380
-45.7 352
-45.5 352
-45.3 385
-45.1 362
-44.9 358
-44.7 363
-44.5 357
-44.3 358
-44.1 335
-43.9 357
-43.7 364
-43.5 361
-43.3 340
-43.1 344
-42.9 326
-42.7 351
-42.5 310
-42.3 337
-42.1 289
-41.9 313
-41.7 296
-41.5 288
-41.3 331
-41.1 287
-40.9 296
-40.7 269
-40.5 264
-40.3 278
-40.1 276
-39.9 247
-39.7 254
-39.5 252
-39.3 233
-39.1 233
-38.9 229
-38.7 215
-38.5 202
-38.3 218
-38.1 213
-37.9 199
-37.7 199
-37.5 186
-37.3 190
-37.1 194
-36.9 177
-36.7 154
-36.5 157
-36.3 178
-36.1 158
-35.9 146
-35.7 160
-35.5 142
-35.3 148
-35.1 132
-34.9 134
-34.7 120
-34.5 106
-34.3 118
-34.1 82
-33.9 114
-33.7 119
-33.5 79
-33.3 103
-33.1 99
-32.9 90
-32.7 99
-32.5 89
-32.3 94
-32.1 98
-31.9 85
-31.7 71
-31.5 60
-31.3 76
-31.1 56
-30.9 59
-30.7 70
-30.5 69
-30.3 77
-30.1 70
-29.9 54
-29.7 40
-29.5 60
-29.3 62
-29.1 56
-28.9 46
-28.7 40
-28.5 62
-28.3 49
-28.1 39
-27.9 36
-27.7 44
-27.5 38
-27.3 33
-27.1 41
-26.9 28
-26.7 47
-26.5 33
-26.3 31
-26.1 27
-25.9 47
-25.7 42
-25.5 25
-25.3 29
-25.1 31
-24.9 40
-24.7 32
-24.5 34
-24.3 28
-24.1 19
-23.9 28
-23.7 26
-23.5 24
-23.3 19
-23.1 33
-22.9 31
-22.7 27
-22.5 22
-22.3 21
-22.1 30
-21.9 22
-21.7 30
-21.5 24
-21.3 23
-21.1 27
-20.9 20
-20.7 24
-20.5 21
-20.3 25
-20.1 19
-19.9 23
-19.7 28
-19.5 17
-19.3 22
-19.1 16
-18.9 24
-18.7 10
-18.5 17
-18.3 17
-18.1 15
-17.9 22
-17.7 10
-17.5 12
-17.3 15
-17.1 16
-16.9 18
-16.7 14
-16.5 16
-16.3 14
-16.1 16
-15.9 14
-15.7 19
-15.5 14
-15.3 15
-15.1 26
-14.9 8
-14.7 11
-14.5 10
-14.3 15
-14.1 22
-13.9 13
-13.7 19
-13.5 11
-13.3 14
-13.1 17
-12.9 19
-12.7 8
-12.5 13
-12.3 22
-12.1 12
-11.9 11
-11.7 11
-11.5 18
-11.3 12
-11.1 16
-10.9 8
-10.7 6
-10.5 9
-10.3 15
-10.1 9
