384
-87.7 1.15338e-05
-87.5 1.15338e-05
-87.3 3.46015e-05
-87.1 4.03684e-05
-86.9 4.61353e-05
-86.7 5.76691e-05
-86.5 8.07368e-05
-86.3 0.000115338
-86.1 0.000132639
-85.9 0.000161474
-85.7 0.000190308
-85.5 0.000230677
-85.3 0.000271045
-85.1 0.000311413
-84.9 0.000357549
-84.7 0.000444052
-84.5 0.000507488
-84.3 0.000640127
-84.1 0.000749699
-83.9 0.000870804
-83.7 0.00102074
-83.5 0.00120528
-83.3 0.00140136
-83.1 0.00168394
-82.9 0.00203572
-82.7 0.00250284
-82.5 0.00298149
-82.3 0.00359279
-82.1 0.00429635
-81.9 0.00522482
-81.7 0.00632054
-81.5 0.00747969
-81.3 0.00884068
-81.1 0.0102766
-80.9 0.0120874
-80.7 0.0141116
-80.5 0.0163261
-80.3 0.0187021
-80.1 0.0211473
-79.9 0.0237539
-79.7 0.0265509
-79.5 0.029665
-79.3 0.0329233
-79.1 0.0362566
-78.9 0.0398955
-78.7 0.0439496
-78.5 0.0483383
-78.3 0.0527096
-78.1 0.057525
-77.9 0.0622942
-77.7 0.0675882
-77.5 0.072986
-77.3 0.0785108
-77.1 0.084318
-76.9 0.0899581
-76.7 0.0959441
-76.5 0.102265
-76.3 0.108989
-76.1 0.115338
-75.9 0.122489
-75.7 0.129444
-75.5 0.136624
-75.3 0.144092
-75.1 0.151295
-74.9 0.158878
-74.7 0.166716
-74.5 0.174576
-74.3 0.181986
-74.1 0.190158
-73.9 0.198157
-73.7 0.206052
-73.5 0.214143
-73.3 0.222591
-73.1 0.230446
-72.9 0.23826
-72.7 0.246524
-72.5 0.254257
-72.3 0.262383
-72.1 0.270186
-71.9 0.278098
-71.7 0.286304
-71.5 0.29428
-71.3 0.302475
-71.1 0.310508
-70.9 0.318293
-70.7 0.326303
-70.5 0.333847
-70.3 0.341407
-70.1 0.349106
-69.9 0.35692
-69.7 0.364498
-69.5 0.371902
-69.3 0.379261
-69.1 0.386083
-68.9 0.393442
-68.7 0.400691
-68.5 0.408142
-68.3 0.415322
-68.1 0.422288
-67.9 0.429087
-67.7 0.435829
-67.5 0.44291
-67.3 0.449617
-67.1 0.456388
-66.9 0.46317
-66.7 0.469519
-66.5 0.476001
-66.3 0.482587
-66.1 0.489236
-65.9 0.495707
-65.7 0.501946
-65.5 0.50825
-65.3 0.514495
-65.1 0.520568
-64.9 0.52656
-64.7 0.532684
-64.5 0.53833
-64.3 0.543872
-64.1 0.549373
-63.9 0.555354
-63.7 0.561028
-63.5 0.566553
-63.3 0.572205
-63.1 0.577654
-62.9 0.583069
-62.7 0.588508
-62.5 0.593963
-62.3 0.599107
-62.1 0.604407
-61.9 0.609453
-61.7 0.614511
-61.5 0.619834
-61.3 0.624857
-61.1 0.629712
-60.9 0.634926
-60.7 0.639862
-60.5 0.644902
-60.3 0.649637
-60.1 0.654429
-59.9 0.659175
-59.7 0.664141
-59.5 0.668898
-59.3 0.673524
-59.1 0.678126
-58.9 0.682837
-58.7 0.687076
-58.5 0.691597
-58.3 0.696522
-58.1 0.700974
-57.9 0.70549
-57.7 0.709659
-57.5 0.714076
-57.3 0.718632
-57.1 0.723148
-56.9 0.727709
-56.7 0.731954
-56.5 0.736417
-56.3 0.740558
-56.1 0.744791
-55.9 0.74888
-55.7 0.753424
-55.5 0.757547
-55.3 0.761705
-55.1 0.765863
-54.9 0.769866
-54.7 0.77407
-54.5 0.777922
-54.3 0.781947
-54.1 0.785915
-53.9 0.789923
-53.7 0.794133
-53.5 0.798095
-53.3 0.801803
-53.1 0.805442
-52.9 0.809375
-52.7 0.813204
-52.5 0.816999
-52.3 0.820782
-52.1 0.824507
-51.9 0.828019
-51.7 0.831618
-51.5 0.835118
-51.3 0.838769
-51.1 0.842263
-50.9 0.84585
-50.7 0.849028
-50.5 0.852696
-50.3 0.856017
-50.1 0.859455
-49.9 0.862874
-49.7 0.866173
-49.5 0.869501
-49.3 0.872765
-49.1 0.875913
-48.9 0.879126
-48.7 0.882205
-48.5 0.885042
-48.3 0.888191
-48.1 0.891294
-47.9 0.894125
-47.7 0.89698
-47.5 0.899909
-47.3 0.90281
-47.1 0.905163
-46.9 0.907649
-46.7 0.91033
-46.5 0.912977
-46.3 0.915261
-46.1 0.917689
-45.9 0.920065
-45.7 0.922181
-45.5 0.924459
-45.3 0.926633
-45.1 0.928854
-44.9 0.930837
-44.7 0.932896
-44.5 0.934938
-44.3 0.937112
-44.1 0.939049
-43.9 0.940999
-43.7 0.942925
-43.5 0.944713
-43.3 0.946425
-43.1 0.948207
-42.9 0.949966
-42.7 0.951569
-42.5 0.953167
-42.3 0.954712
-42.1 0.956373
-41.9 0.957757
-41.7 0.959257
-41.5 0.960583
-41.3 0.961938
-41.1 0.963167
-40.9 0.964401
-40.7 0.965548
-40.5 0.966823
-40.3 0.967901
-40.1 0.968945
-39.9 0.970035
-39.7 0.971044
-39.5 0.971984
-39.3 0.972901
-39.1 0.973893
-38.9 0.974804
-38.7 0.975641
-38.5 0.9765
-38.3 0.97748
-38.1 0.978311
-37.9 0.979037
-37.7 0.979775
-37.5 0.980456
-37.3 0.981125
-37.1 0.98184
-36.9 0.982474
-36.7 0.983207
-36.5 0.983841
-36.3 0.98451
-36.1 0.985087
-35.9 0.985635
-35.7 0.986211
-35.5 0.986776
-35.3 0.987319
-35.1 0.987849
-34.9 0.98823
-34.7 0.988593
-34.5 0.989031
-34.3 0.98951
-34.1 0.989977
-33.9 0.990473
-33.7 0.990923
-33.5 0.991263
-33.3 0.991557
-33.1 0.991921
-32.9 0.992163
-32.7 0.992451
-32.5 0.992797
-32.3 0.993114
-32.1 0.993443
-31.9 0.993708
-31.7 0.993979
-31.5 0.994245
-31.3 0.994504
-31.1 0.994781
-30.9 0.995029
-30.7 0.995283
-30.5 0.995513
-30.3 0.995756
-30.1 0.995946
-29.9 0.99613
-29.7 0.996292
-29.5 0.996499
-29.3 0.996649
-29.1 0.996822
-28.9 0.996955
-28.7 0.997065
-28.5 0.997215
-28.3 0.997307
-28.1 0.997422
-27.9 0.997543
-27.7 0.997647
-27.5 0.997762
-27.3 0.99786
-27.1 0.998016
-26.9 0.998132
-26.7 0.998206
-26.5 0.998305
-26.3 0.998385
-26.1 0.998466
-25.9 0.998576
-25.7 0.998651
-25.5 0.998726
-25.3 0.998806
-25.1 0.998829
-24.9 0.99891
-24.7 0.998962
-24.5 0.999002
-24.3 0.999083
-24.1 0.999141
-23.9 0.999187
-23.7 0.99925
-23.5 0.999285
-23.3 0.99936
-23.1 0.999394
-22.9 0.999412
-22.7 0.999435
-22.5 0.999458
-22.3 0.999487
-22.1 0.999521
-21.9 0.999539
-21.7 0.999585
-21.5 0.999596
-21.3 0.999631
-21.1 0.999671
-20.9 0.999689
-20.7 0.999694
-20.5 0.9997
-20.3 0.999717
-20.1 0.999723
-19.9 0.999735
-19.7 0.999758
-19.5 0.999764
-19.3 0.999781
-19.1 0.999792
-18.9 0.999804
-18.7 0.999815
-18.5 0.999833
-18.3 0.999839
-18.1 0.999844
-17.9 0.99985
-17.7 0.99985
-17.5 0.999856
-17.3 0.999862
-17.1 0.999873
-16.9 0.999885
-16.7 0.999896
-16.5 0.999902
-16.3 0.999925
-16.1 0.999931
-15.9 0.999937
-15.7 0.999948
-15.5 0.999948
-15.3 0.999954
-15.1 0.999954
-14.9 0.999954
-14.7 0.999954
-14.5 0.999954
-14.3 0.999954
-14.1 0.999954
-13.9 0.999954
-13.7 0.999965
-13.5 0.999965
-13.3 0.999965
-13.1 0.999965
-12.9 0.999965
-12.7 0.999971
-12.5 0.999971
-12.3 0.999971
-12.1 0.999971
-11.9 0.999977
-11.7 0.999983
-11.5 0.999988
-11.3 0.999988
-11.1 1
