338
-89.1 4.75851e-05
-88.9 4.75851e-05
-88.7 4.75851e-05
-88.5 9.51701e-05
-88.3 0.000118963
-88.1 0.00019034
-87.9 0.00019034
-87.7 0.00028551
-87.5 0.000333095
-87.3 0.00038068
-87.1 0.000428266
-86.9 0.000642398
-86.7 0.000808946
-86.5 0.000951701
-86.3 0.00116583
-86.1 0.00135617
-85.9 0.00171306
-85.7 0.00197478
-85.5 0.00226029
-85.3 0.00275993
-85.1 0.00321199
-84.9 0.00375922
-84.7 0.0044492
-84.5 0.00499643
-84.3 0.00578158
-84.1 0.00692363
-83.9 0.0082798
-83.7 0.00977873
-83.5 0.0115632
-83.3 0.0132762
-83.1 0.0153462
-82.9 0.0176065
-82.7 0.0193671
-82.5 0.0222936
-82.3 0.0250297
-82.1 0.028099
-81.9 0.0315965
-81.7 0.0353319
-81.5 0.0386629
-81.3 0.0425886
-81.1 0.0467999
-80.9 0.0519629
-80.7 0.0571259
-80.5 0.0623364
-80.3 0.0680466
-80.1 0.0742565
-79.9 0.0796812
-79.7 0.0867238
-79.5 0.0933143
-79.3 0.100214
-79.1 0.107138
-78.9 0.114728
-78.7 0.121889
-78.5 0.129003
-78.3 0.136331
-78.1 0.144373
-77.9 0.152391
-77.7 0.160433
-77.5 0.169783
-77.3 0.178944
-77.1 0.187461
-76.9 0.196384
-76.7 0.204687
-76.5 0.214014
-76.3 0.221865
-76.1 0.230288
-75.9 0.239163
-75.7 0.247419
-75.5 0.256008
-75.3 0.264383
-75.1 0.273329
-74.9 0.281251
-74.7 0.289507
-74.5 0.29793
-74.3 0.3064
-74.1 0.314966
-73.9 0.323483
-73.7 0.331216
-73.5 0.339995
-73.3 0.348394
-73.1 0.356507
-72.9 0.363859
-72.7 0.371235
-72.5 0.378991
-72.3 0.386414
-72.1 0.393885
-71.9 0.401332
-71.7 0.407994
-71.5 0.414656
-71.3 0.421271
-71.1 0.427813
-70.9 0.434333
-70.7 0.440709
-70.5 0.446491
-70.3 0.452225
-70.1 0.457768
-69.9 0.463122
-69.7 0.468975
-69.5 0.474399
-69.3 0.479324
-69.1 0.484987
-68.9 0.490412
-68.7 0.495931
-68.5 0.500904
-68.3 0.506591
-68.1 0.511611
-67.9 0.517178
-67.7 0.522627
-67.5 0.527695
-67.3 0.532405
-67.1 0.536902
-66.9 0.542565
-66.7 0.547395
-66.5 0.551987
-66.3 0.557007
-66.1 0.561313
-65.9 0.565525
-65.7 0.569974
-65.5 0.574661
-65.3 0.578991
-65.1 0.583131
-64.9 0.587485
-64.7 0.592339
-64.5 0.596431
-64.3 0.601071
-64.1 0.604996
-63.9 0.60916
-63.7 0.613443
-63.5 0.61813
-63.3 0.622222
-63.1 0.626648
-62.9 0.631097
-62.7 0.635094
-62.5 0.638901
-62.3 0.642684
-62.1 0.646586
-61.9 0.650488
-61.7 0.654842
-61.5 0.658887
-61.3 0.663526
-61.1 0.667285
-60.9 0.671163
-60.7 0.674804
-60.5 0.679039
-60.3 0.682917
-60.1 0.687509
-59.9 0.691125
-59.7 0.695146
-59.5 0.699048
-59.3 0.702403
-59.1 0.705877
-58.9 0.70985
-58.7 0.713776
-58.5 0.717178
-58.3 0.721556
-58.1 0.724935
-57.9 0.728551
-57.7 0.732239
-57.5 0.736117
-57.3 0.739615
-57.1 0.743493
-56.9 0.747038
-56.7 0.751059
-56.5 0.754509
-56.3 0.75803
-56.1 0.761813
-55.9 0.765096
-55.7 0.768879
-55.5 0.772258
-55.3 0.77566
-55.1 0.77911
-54.9 0.782608
-54.7 0.786177
-54.5 0.789603
-54.3 0.792886
-54.1 0.796693
-53.9 0.800095
-53.7 0.803807
-53.5 0.807281
-53.3 0.810493
-53.1 0.81349
-52.9 0.816583
-52.7 0.819867
-52.5 0.823507
-52.3 0.826196
-52.1 0.829645
-51.9 0.832953
-51.7 0.836046
-51.5 0.839424
-51.3 0.84285
-51.1 0.846395
-50.9 0.850107
-50.7 0.853628
-50.5 0.856626
-50.3 0.85991
-50.1 0.863264
-49.9 0.866381
-49.7 0.868951
-49.5 0.872091
-49.3 0.87497
-49.1 0.878158
-48.9 0.881394
-48.7 0.884345
-48.5 0.887295
-48.3 0.88996
-48.1 0.892553
-47.9 0.895218
-47.7 0.898097
-47.5 0.901142
-47.3 0.903783
-47.1 0.906281
-46.9 0.90897
-46.7 0.911301
-46.5 0.91449
-46.3 0.917321
-46.1 0.919605
-45.9 0.92227
-45.7 0.924078
-45.5 0.925767
-45.3 0.928147
-45.1 0.931025
-44.9 0.9335
-44.7 0.936069
-44.5 0.93802
-44.3 0.939852
-44.1 0.942113
-43.9 0.943754
-43.7 0.945586
-43.5 0.947585
-43.3 0.949322
-43.1 0.950797
-42.9 0.952177
-42.7 0.953842
-42.5 0.955389
-42.3 0.957173
-42.1 0.95853
-41.9 0.9601
-41.7 0.961789
-41.5 0.963074
-41.3 0.964406
-41.1 0.965882
-40.9 0.967024
-40.7 0.968166
-40.5 0.969498
-40.3 0.970402
-40.1 0.971425
-39.9 0.972401
-39.7 0.973352
-39.5 0.974447
-39.3 0.975613
-39.1 0.976398
-38.9 0.977326
-38.7 0.97823
-38.5 0.978944
-38.3 0.979729
-38.1 0.980466
-37.9 0.981156
-37.7 0.981823
-37.5 0.982631
-37.3 0.983488
-37.1 0.984392
-36.9 0.985153
-36.7 0.985487
-36.5 0.986058
-36.3 0.986652
-36.1 0.987342
-35.9 0.988009
-35.7 0.988556
-35.5 0.988913
-35.3 0.989341
-35.1 0.989841
-34.9 0.990293
-34.7 0.990887
-34.5 0.991411
-34.3 0.991958
-34.1 0.992267
-33.9 0.992553
-33.7 0.993172
-33.5 0.993457
-33.3 0.993838
-33.1 0.994123
-32.9 0.994361
-32.7 0.994647
-32.5 0.995027
-32.3 0.995146
-32.1 0.99536
-31.9 0.995551
-31.7 0.995717
-31.5 0.995931
-31.3 0.996193
-31.1 0.996479
-30.9 0.996693
-30.7 0.997026
-30.5 0.997264
-30.3 0.99743
-30.1 0.997597
-29.9 0.997764
-29.7 0.997978
-29.5 0.998097
-29.3 0.998263
-29.1 0.998335
-28.9 0.998453
-28.7 0.998572
-28.5 0.998644
-28.3 0.998739
-28.1 0.998834
-27.9 0.998953
-27.7 0.999048
-27.5 0.999096
-27.3 0.999143
-27.1 0.999191
-26.9 0.999262
-26.7 0.999405
-26.5 0.9995
-26.3 0.999619
-26.1 0.999643
-25.9 0.999714
-25.7 0.999762
-25.5 0.999786
-25.3 0.99981
-25.1 0.999857
-24.9 0.999881
-24.7 0.999881
-24.5 0.999929
-24.3 0.999929
-24.1 0.999929
-23.9 0.999929
-23.7 0.999952
-23.5 0.999952
-23.3 0.999952
-23.1 0.999952
-22.9 0.999952
-22.7 0.999976
-22.5 0.999976
-22.3 0.999976
-22.1 0.999976
-21.9 0.999976
-21.7 1
