423
-84.7 3.33344e-05
-84.5 3.33344e-05
-84.3 3.33344e-05
-84.1 3.33344e-05
-83.9 3.33344e-05
-83.7 3.33344e-05
-83.5 0.000133338
-83.3 0.000233341
-83.1 0.00030001
-82.9 0.000433348
-82.7 0.000566686
-82.5 0.000733358
-82.3 0.000866696
-82.1 0.00110004
-81.9 0.00126671
-81.7 0.00163339
-81.5 0.00183339
-81.3 0.00190006
-81.1 0.00216674
-80.9 0.00240008
-80.7 0.00276676
-80.5 0.00340011
-80.3 0.00376679
-80.1 0.00430014
-79.9 0.00486683
-79.7 0.00546685
-79.5 0.00636688
-79.3 0.00770026
-79.1 0.00906697
-78.9 0.010267
-78.7 0.0115337
-78.5 0.0136338
-78.3 0.0159339
-78.1 0.0183339
-77.9 0.021334
-77.7 0.0236008
-77.5 0.0269676
-77.3 0.029901
-77.1 0.0338345
-76.9 0.0376013
-76.7 0.0427348
-76.5 0.0476016
-76.3 0.0523017
-76.1 0.0579686
-75.9 0.0633688
-75.7 0.069669
-75.5 0.0762025
-75.3 0.0828694
-75.1 0.089903
-74.9 0.0961365
-74.7 0.104103
-74.5 0.112404
-74.3 0.119804
-74.1 0.128538
-73.9 0.136738
-73.7 0.145438
-73.5 0.153305
-73.3 0.162305
-73.1 0.171472
-72.9 0.180573
-72.7 0.18954
-72.5 0.19934
-72.3 0.209607
-72.1 0.219174
-71.9 0.228874
-71.7 0.238808
-71.5 0.247375
-71.3 0.255909
-71.1 0.265209
-70.9 0.275109
-70.7 0.284343
-70.5 0.29311
-70.3 0.302143
-70.1 0.310577
-69.9 0.318944
-69.7 0.327078
-69.5 0.336311
-69.3 0.344678
-69.1 0.353645
-68.9 0.362979
-68.7 0.370912
-68.5 0.378479
-68.3 0.386846
-68.1 0.394613
-67.9 0.401347
-67.7 0.409614
-67.5 0.417214
-67.3 0.423881
-67.1 0.430714
-66.9 0.437081
-66.7 0.443548
-66.5 0.450348
-66.3 0.457082
-66.1 0.462515
-65.9 0.468849
-65.7 0.475249
-65.5 0.481183
-65.3 0.487483
-65.1 0.493516
-64.9 0.499383
-64.7 0.504683
-64.5 0.510784
-64.3 0.516284
-64.1 0.521717
-63.9 0.527784
-63.7 0.533218
-63.5 0.538585
-63.3 0.544518
-63.1 0.549585
-62.9 0.554585
-62.7 0.559519
-62.5 0.564085
-62.3 0.569452
-62.1 0.573886
-61.9 0.578586
-61.7 0.583986
-61.5 0.58882
-61.3 0.593253
-61.1 0.597653
-60.9 0.60182
-60.7 0.605487
-60.5 0.610054
-60.3 0.614954
-60.1 0.618854
-59.9 0.623454
-59.7 0.627888
-59.5 0.632221
-59.3 0.636588
-59.1 0.641221
-58.9 0.645022
-58.7 0.648622
-58.5 0.652855
-58.3 0.656755
-58.1 0.661189
-57.9 0.664922
-57.7 0.668822
-57.5 0.673056
-57.3 0.677056
-57.1 0.681089
-56.9 0.684656
-56.7 0.688956
-56.5 0.69249
-56.3 0.69659
-56.1 0.700123
-55.9 0.704023
-55.7 0.707724
-55.5 0.711924
-55.3 0.715257
-55.1 0.719391
-54.9 0.723391
-54.7 0.727491
-54.5 0.731358
-54.3 0.735658
-54.1 0.739825
-53.9 0.743291
-53.7 0.747492
-53.5 0.751325
-53.3 0.754392
-53.1 0.758959
-52.9 0.762592
-52.7 0.766559
-52.5 0.770626
-52.3 0.774192
-52.1 0.777526
-51.9 0.781293
-51.7 0.784993
-51.5 0.78876
-51.3 0.79226
-51.1 0.79556
-50.9 0.799393
-50.7 0.803093
-50.5 0.80636
-50.3 0.809894
-50.1 0.813327
-49.9 0.816994
-49.7 0.820561
-49.5 0.823827
-49.3 0.828061
-49.1 0.831361
-48.9 0.834628
-48.7 0.837761
-48.5 0.841395
-48.3 0.844295
-48.1 0.847462
-47.9 0.850762
-47.7 0.854428
-47.5 0.857995
-47.3 0.861195
-47.1 0.864462
-46.9 0.867629
-46.7 0.870529
-46.5 0.873796
-46.3 0.876529
-46.1 0.879463
-45.9 0.882829
-45.7 0.88633
-45.5 0.889663
-45.3 0.892363
-45.1 0.894796
-44.9 0.89723
-44.7 0.899963
-44.5 0.903063
-44.3 0.90563
-44.1 0.908397
-43.9 0.911597
-43.7 0.91373
-43.5 0.916464
-43.3 0.919131
-43.1 0.922064
-42.9 0.924297
-42.7 0.926764
-42.5 0.929264
-42.3 0.931431
-42.1 0.933764
-41.9 0.936165
-41.7 0.938031
-41.5 0.940065
-41.3 0.942431
-41.1 0.944531
-40.9 0.946732
-40.7 0.948665
-40.5 0.950532
-40.3 0.952798
-40.1 0.954498
-39.9 0.955965
-39.7 0.957565
-39.5 0.959199
-39.3 0.960665
-39.1 0.962599
-38.9 0.964132
-38.7 0.965666
-38.5 0.967066
-38.3 0.968332
-38.1 0.969599
-37.9 0.971032
-37.7 0.972266
-37.5 0.973399
-37.3 0.974432
-37.1 0.975166
-36.9 0.975933
-36.7 0.977099
-36.5 0.977866
-36.3 0.978666
-36.1 0.979699
-35.9 0.980333
-35.7 0.981066
-35.5 0.981733
-35.3 0.982333
-35.1 0.983366
-34.9 0.984366
-34.7 0.984833
-34.5 0.985366
-34.3 0.986033
-34.1 0.986466
-33.9 0.986933
-33.7 0.987366
-33.5 0.987833
-33.3 0.988233
-33.1 0.9887
-32.9 0.989133
-32.7 0.989466
-32.5 0.989733
-32.3 0.9901
-32.1 0.9905
-31.9 0.990833
-31.7 0.991166
-31.5 0.9915
-31.3 0.991733
-31.1 0.991933
-30.9 0.992233
-30.7 0.992433
-30.5 0.992666
-30.3 0.992866
-30.1 0.993
-29.9 0.993233
-29.7 0.993566
-29.5 0.993666
-29.3 0.994
-29.1 0.994
-28.9 0.9941
-28.7 0.994333
-28.5 0.994433
-28.3 0.994533
-28.1 0.994733
-27.9 0.994833
-27.7 0.994966
-27.5 0.995133
-27.3 0.995333
-27.1 0.995467
-26.9 0.9956
-26.7 0.995733
-26.5 0.9959
-26.3 0.996033
-26.1 0.996067
-25.9 0.9962
-25.7 0.996267
-25.5 0.996367
-25.3 0.9964
-25.1 0.996467
-24.9 0.996567
-24.7 0.9966
-24.5 0.9967
-24.3 0.996833
-24.1 0.996833
-23.9 0.996967
-23.7 0.997133
-23.5 0.997167
-23.3 0.997267
-23.1 0.9973
-22.9 0.997333
-22.7 0.997433
-22.5 0.997467
-22.3 0.997533
-22.1 0.9976
-21.9 0.997633
-21.7 0.997767
-21.5 0.997767
-21.3 0.997767
-21.1 0.9978
-20.9 0.997867
-20.7 0.997867
-20.5 0.9979
-20.3 0.997967
-20.1 0.998
-19.9 0.998
-19.7 0.998067
-19.5 0.9981
-19.3 0.998133
-19.1 0.998133
-18.9 0.9982
-18.7 0.9982
-18.5 0.9982
-18.3 0.998233
-18.1 0.998333
-17.9 0.998333
-17.7 0.998433
-17.5 0.998467
-17.3 0.9985
-17.1 0.998533
-16.9 0.998533
-16.7 0.9986
-16.5 0.998667
-16.3 0.9987
-16.1 0.998767
-15.9 0.998833
-15.7 0.998833
-15.5 0.998867
-15.3 0.998933
-15.1 0.998933
-14.9 0.998967
-14.7 0.998967
-14.5 0.999
-14.3 0.999
-14.1 0.999
-13.9 0.999067
-13.7 0.999067
-13.5 0.9991
-13.3 0.999133
-13.1 0.999133
-12.9 0.999167
-12.7 0.999233
-12.5 0.999233
-12.3 0.999233
-12.1 0.999233
-11.9 0.999233
-11.7 0.999233
-11.5 0.9993
-11.3 0.999333
-11.1 0.999333
-10.9 0.999333
-10.7 0.999333
-10.5 0.999333
-10.3 0.999333
-10.1 0.999367
-9.9 0.9994
-9.7 0.999433
-9.5 0.999433
-9.3 0.999433
-9.1 0.999433
-8.9 0.999433
-8.7 0.999467
-8.5 0.999467
-8.3 0.999467
-8.1 0.999467
-7.9 0.9995
-7.7 0.9995
-7.5 0.9995
-7.3 0.9995
-7.1 0.9995
-6.9 0.999567
-6.7 0.999567
-6.5 0.999567
-6.3 0.999567
-6.1 0.999633
-5.9 0.999667
-5.7 0.999667
-5.5 0.999667
-5.3 0.999667
-5.1 0.9997
-4.9 0.9997
-4.7 0.999767
-4.5 0.999767
-4.3 0.999767
-4.1 0.999767
-3.9 0.9998
-3.7 0.999867
-3.5 0.999867
-3.3 0.9999
-3.1 0.9999
-2.9 0.9999
-2.7 0.999933
-2.5 0.999933
-2.3 0.999933
-2.1 0.999933
-1.9 0.999967
-1.7 0.999967
-1.5 0.999967
-1.3 0.999967
-1.1 0.999967
-0.9 0.999967
-0.7 0.999967
-0.5 0.999967
-0.3 1
