423
-84.3 3.3418e-05
-84.1 0.00016709
-83.9 0.000267344
-83.7 0.000367598
-83.5 0.000568106
-83.3 0.000634942
-83.1 0.000768614
-82.9 0.00100254
-82.7 0.00126988
-82.5 0.00147039
-82.3 0.00153723
-82.1 0.00163748
-81.9 0.00187141
-81.7 0.00217217
-81.5 0.00243951
-81.3 0.00277369
-81.1 0.00320813
-80.9 0.00364256
-80.7 0.004077
-80.5 0.00451143
-80.3 0.00504612
-80.1 0.00531346
-79.9 0.00608207
-79.7 0.00688411
-79.5 0.00775297
-79.3 0.00875551
-79.1 0.00962438
-78.9 0.0104264
-78.7 0.0120305
-78.5 0.0135009
-78.3 0.0146371
-78.1 0.0160741
-77.9 0.0178786
-77.7 0.0196164
-77.5 0.0218219
-77.3 0.0243617
-77.1 0.0268012
-76.9 0.0293744
-76.7 0.0322818
-76.5 0.0351891
-76.3 0.0382302
-76.1 0.0414049
-75.9 0.0448469
-75.7 0.0488571
-75.5 0.052366
-75.3 0.0565767
-75.1 0.0608207
-74.9 0.0654993
-74.7 0.0706791
-74.5 0.0758588
-74.3 0.0819409
-74.1 0.0866194
-73.9 0.0926681
-73.7 0.0979481
-73.5 0.104999
-73.3 0.110948
-73.1 0.116562
-72.9 0.123012
-72.7 0.13043
-72.5 0.137348
-72.3 0.1447
-72.1 0.152186
-71.9 0.159437
-71.7 0.167859
-71.5 0.175678
-71.3 0.183532
-71.1 0.191819
-70.9 0.200809
-70.7 0.208695
-70.5 0.216181
-70.3 0.224502
-70.1 0.233191
-69.9 0.24208
-69.7 0.250134
-69.5 0.258254
-69.3 0.266542
-69.1 0.274696
-68.9 0.28285
-68.7 0.290569
-68.5 0.299559
-68.3 0.307479
-68.1 0.3157
-67.9 0.324522
-67.7 0.333111
-67.5 0.341097
-67.3 0.348784
-67.1 0.356938
-66.9 0.364691
-66.7 0.373279
-66.5 0.381901
-66.3 0.389955
-66.1 0.398242
-65.9 0.406563
-65.7 0.41435
-65.5 0.421668
-65.3 0.430156
-65.1 0.437876
-64.9 0.444927
-64.7 0.452145
-64.5 0.459096
-64.3 0.466549
-64.1 0.473399
-63.9 0.480618
-63.7 0.487569
-63.5 0.494386
-63.3 0.500401
-63.1 0.507018
-62.9 0.513601
-62.7 0.520418
-62.5 0.526901
-62.3 0.532048
-62.1 0.538431
-61.9 0.544513
-61.7 0.550461
-61.5 0.556276
-61.3 0.562358
-61.1 0.567605
-60.9 0.57362
-60.7 0.579267
-60.5 0.584882
-60.3 0.590864
-60.1 0.596411
-59.9 0.601992
-59.7 0.607205
-59.5 0.612084
-59.3 0.616361
-59.1 0.62114
-58.9 0.625886
-58.7 0.63043
-58.5 0.635243
-58.3 0.640556
-58.1 0.645235
-57.9 0.650348
-57.7 0.655494
-57.5 0.660139
-57.3 0.664082
-57.1 0.668226
-56.9 0.672704
-56.7 0.677115
-56.5 0.681928
-56.3 0.68674
-56.1 0.690416
-55.9 0.695261
-55.7 0.699271
-55.5 0.703115
-55.3 0.707158
-55.1 0.711937
-54.9 0.716114
-54.7 0.720759
-54.5 0.725137
-54.3 0.729348
-54.1 0.733525
-53.9 0.737268
-53.7 0.741378
-53.5 0.744586
-53.3 0.74863
-53.1 0.752239
-52.9 0.755982
-52.7 0.760727
-52.5 0.764136
-52.3 0.767377
-52.1 0.770285
-51.9 0.773125
-51.7 0.776868
-51.5 0.780978
-51.3 0.784554
-51.1 0.787896
-50.9 0.791238
-50.7 0.795181
-50.5 0.798857
-50.3 0.802165
-50.1 0.805775
-49.9 0.809284
-49.7 0.812692
-49.5 0.816134
-49.3 0.819643
-49.1 0.823553
-48.9 0.826828
-48.7 0.829802
-48.5 0.83291
-48.3 0.836319
-48.1 0.839293
-47.9 0.842568
-47.7 0.845943
-47.5 0.849485
-47.3 0.852894
-47.1 0.855801
-46.9 0.858709
-46.7 0.86195
-46.5 0.864824
-46.3 0.868233
-46.1 0.871508
-45.9 0.874549
-45.7 0.87759
-45.5 0.880731
-45.3 0.883271
-45.1 0.885911
-44.9 0.888919
-44.7 0.891525
-44.5 0.893965
-44.3 0.896839
-44.1 0.899512
-43.9 0.902286
-43.7 0.90536
-43.5 0.907933
-43.3 0.910674
-43.1 0.913447
-42.9 0.915787
-42.7 0.918293
-42.5 0.920265
-42.3 0.922504
-42.1 0.924743
-41.9 0.927049
-41.7 0.928853
-41.5 0.930424
-41.3 0.932262
-41.1 0.934233
-40.9 0.936439
-40.7 0.938143
-40.5 0.939981
-40.3 0.941853
-40.1 0.943824
-39.9 0.945596
-39.7 0.9474
-39.5 0.949138
-39.3 0.950876
-39.1 0.952914
-38.9 0.954652
-38.7 0.956189
-38.5 0.957459
-38.3 0.959263
-38.1 0.960634
-37.9 0.962104
-37.7 0.96334
-37.5 0.96461
-37.3 0.965847
-37.1 0.966916
-36.9 0.968052
-36.7 0.969088
-36.5 0.96989
-36.3 0.970993
-36.1 0.97233
-35.9 0.972798
-35.7 0.9735
-35.5 0.974268
-35.3 0.974903
-35.1 0.975739
-34.9 0.97644
-34.7 0.977376
-34.5 0.978379
-34.3 0.979014
-34.1 0.979749
-33.9 0.98035
-33.7 0.981019
-33.5 0.98162
-33.3 0.982055
-33.1 0.982589
-32.9 0.983057
-32.7 0.983625
-32.5 0.98416
-32.3 0.984628
-32.1 0.985029
-31.9 0.985463
-31.7 0.985898
-31.5 0.986332
-31.3 0.9868
-31.1 0.987067
-30.9 0.987335
-30.7 0.987736
-30.5 0.988337
-30.3 0.988738
-30.1 0.989005
-29.9 0.989173
-29.7 0.98954
-29.5 0.989975
-29.3 0.990442
-29.1 0.990743
-28.9 0.990877
-28.7 0.991244
-28.5 0.991512
-28.3 0.991879
-28.1 0.99218
-27.9 0.992414
-27.7 0.992648
-27.5 0.992815
-27.3 0.993049
-27.1 0.993149
-26.9 0.99335
-26.7 0.993483
-26.5 0.993717
-26.3 0.993985
-26.1 0.994152
-25.9 0.994319
-25.7 0.994386
-25.5 0.994419
-25.3 0.994486
-25.1 0.99462
-24.9 0.994687
-24.7 0.99482
-24.5 0.994854
-24.3 0.994987
-24.1 0.995188
-23.9 0.995355
-23.7 0.995455
-23.5 0.995555
-23.3 0.995689
-23.1 0.995789
-22.9 0.995823
-22.7 0.99589
-22.5 0.995956
-22.3 0.996023
-22.1 0.996124
-21.9 0.996224
-21.7 0.996257
-21.5 0.996424
-21.3 0.996424
-21.1 0.996525
-20.9 0.996625
-20.7 0.996692
-20.5 0.996758
-20.3 0.996859
-20.1 0.996992
-19.9 0.997059
-19.7 0.997093
-19.5 0.99726
-19.3 0.997327
-19.1 0.99736
-18.9 0.99736
-18.7 0.997393
-18.5 0.99746
-18.3 0.99746
-18.1 0.997527
-17.9 0.99756
-17.7 0.997661
-17.5 0.997661
-17.3 0.997694
-17.1 0.997728
-16.9 0.997794
-16.7 0.997828
-16.5 0.997895
-16.3 0.997895
-16.1 0.997928
-15.9 0.997995
-15.7 0.998028
-15.5 0.998129
-15.3 0.998195
-15.1 0.998229
-14.9 0.998262
-14.7 0.998262
-14.5 0.998329
-14.3 0.998329
-14.1 0.998396
-13.9 0.998429
-13.7 0.998463
-13.5 0.99853
-13.3 0.99853
-13.1 0.99853
-12.9 0.998563
-12.7 0.99863
-12.5 0.998663
-12.3 0.99873
-12.1 0.998797
-11.9 0.998797
-11.7 0.998797
-11.5 0.998864
-11.3 0.998864
-11.1 0.998864
-10.9 0.998864
-10.7 0.998897
-10.5 0.998931
-10.3 0.998931
-10.1 0.998964
-9.9 0.998997
-9.7 0.999064
-9.5 0.999064
-9.3 0.999231
-9.1 0.999332
-8.9 0.999365
-8.7 0.999365
-8.5 0.999365
-8.3 0.999398
-8.1 0.999398
-7.9 0.999398
-7.7 0.999398
-7.5 0.999432
-7.3 0.999499
-7.1 0.999532
-6.9 0.999566
-6.7 0.999566
-6.5 0.999599
-6.3 0.999632
-6.1 0.999632
-5.9 0.999666
-5.7 0.999699
-5.5 0.999733
-5.3 0.999766
-5.1 0.999766
-4.9 0.999766
-4.7 0.999766
-4.5 0.999766
-4.3 0.999766
-4.1 0.999766
-3.9 0.999766
-3.7 0.999799
-3.5 0.999799
-3.3 0.999799
-3.1 0.999833
-2.9 0.999866
-2.7 0.9999
-2.5 0.9999
-2.3 0.999933
-2.1 0.999933
-1.9 0.999933
-1.7 0.999933
-1.5 0.999933
-1.3 0.999933
-1.1 0.999933
-0.9 0.999933
-0.7 0.999967
-0.5 0.999967
-0.3 0.999967
-0.1 0.999967
0.1 1
